1,CAT,652
1,ACY1,66,373,999
1,CHCHD8,0
1,GATM,904
1,MYO6,0
1,C1orf122,353,777
1,CDC14B,888
1,EDNRB,700
1,PDLIM3,911,934
1,C6orf48,0
-1,UBP1,90,887
1,PGCP,0
-1,CADPS2,0
1,PPIB,813,871,875
1,ECH1,940
1,DTYMK,778
1,HSCB,900
1,TTLL4,0
1,PNKD,0
1,CSTB,549,670,793,805,817,889,902
1,MEGF10,0
1,H3F3C,0
1,POLR2F,0
1,HIP1R,1104
1,ZFAND3,323,775,865,896
1,CLU,1129
1,SERF2,570,770
1,PTTG1IP,0
1,PKM2,0
1,RPL19,425
1,COPE,855,1297,1583
1,AASS,0
-1,NKRF,0
1,RPS14,0
1,C12orf39,0
1,SPAG9,543,683,717,746,782,950,977,981,999
1,LIMS1,704,719,762,777,801
1,SNAP23,0
1,PABPC1,90,187,272,709,713,1472
1,PPAP2B,0
1,ZMAT5,999,1513
1,SCNM1,1400
1,RPS5,0
1,RPL13A,933
1,BCAN,0
1,NKAIN4,452,456,725
-1,UBE3A,0
-1,CCDC28A,0
1,C3orf70,259,1101
1,RPL12,0
-1,RUSC1,659
1,ELP4,0
-1,CAMSAP1L1,474
1,PDE6D,0
1,GSN,152
1,THSD1,0
1,MMP28,711
1,LRRC3B,0
1,ALDH2,878,889
1,IDH2,0
1,ADA,0
-1,ABCA5,0
1,PGLS,590,990
1,IVD,0
1,QKI,80,145,237,347,362,369,373,721,725,844,933
-1,GRSF1,289,577,598,619,640,661,682,703,724,745,766,787,808
1,HSD17B6,0
-1,ELOVL4,664
1,PGM1,946
-1,RAB11FIP5,656,683,996
1,APOE,505,856,1197,1307
1,PIR,0
1,RGC32,354,358,777
1,OLIG1,981,1156
1,ACP6,0
1,CPT2,0
1,DFFA,74
-1,RAB3GAP1,0
1,CHCHD5,0
1,GPSN2,506,583,731
1,APCDD1,172,586,804
1,MLC1,72
1,SLC25A20,770,893
-1,SCAMP1,0
1,RPS3,0
1,ARL6IP6,524
1,ARHGAP24,0
1,HSD17B8,762,996
1,ZHX2,947
1,IQCK,502
-1,LZTFL1,445,843
-1,SH3BGRL2,397
1,PIK3C2A,0
-1,WDR69,0
-1,KPNA4,600,765
1,ACAA2,278,388,481,485,519,540,563
-1,GABARAPL1,64,285,835
1,ABTB2,452,481,509,665,981,1323
-1,RARS,0
1,BGLAP,869
1,RAG1AP1,545
1,YIF1A,489
1,PRDX4,0
-1,GPIAP1,248
1,PCCB,0
-1,DENR,53,83,357,488
1,ALAD,1212
1,FAM36A,565,750
1,RHBDD1,0
-1,SDAD1,0
-1,OPTN,0
-1,PPP2CA,568,676
1,SCAMP2,0
1,STAT3,0
-1,DNAJA2,880
1,S100A16,1042
1,HIST1H2AC,0
1,TTYH1,0
1,PMF1,870,876
1,CIB1,707,753
1,DIRC2,0
1,WIPI1,659,750
-1,MYCBP2,838
1,RBP1,537,954,966
-1,SH3GL2,813,925
-1,PJA2,0
1,ATP6V0E1,0
1,CLCN2,74,634,801,812
1,TPT1,667,770,892
-1,NEFM,837
1,MAPRE1,0
1,GPR17,0
1,S100A13,0
1,CBR1,830
1,WDFY2,373,384,689,730,745,760
1,ELOVL2,494,621,962,966
1,CYP2J2,0
-1,MGC35154,0
-1,CCNB1,738
1,GALNT10,246
1,SGPL1,0
1,GLUL,0
-1,NME5,638,661,669
-1,KIF21A,675,745,891,895
1,PLA2G5,427
-1,SMARCA2,0
1,THRA,815,819
1,KRT10,0
1,SASH1,0
1,EIF3S4,697
1,FAU,141,512
1,CRB1,0
-1,SPATA18,0
1,C6orf72,767,856,881,901,936,953
1,EEF1D,401
1,RELA,981
1,MON1B,225,1548
-1,MATR3,0
-1,PSMC1,0
1,PHGDH,0
1,PTPRZ1,521,579
-1,PREPL,0
1,GNG5,304,308,764,907
1,PFN1,261,369,423,782,923
1,NT5C,0
-1,SEL1L,0
1,CHDH,0
1,TNFSF13,1361
1,NSMCE1,0
1,PCDHGC3,0
-1,VPS36,899
1,NME6,0
1,CTNNA1,1016
-1,MCF2,0
1,CXorf38,853
1,RPS17,852
-1,SAE1,0
1,LRP4,0
1,CECR1,998
1,FER,0
1,TST,67,703
1,GNAI2,731,901
1,NUBP1,0
1,FTL,537,781,886
1,HIP1,329,480,650,693
-1,HSF2,833
1,AGPAT3,1028
1,ALDH1A1,0
1,ATPAF1,700
1,RAB9A,0
1,DYNLT1,827
1,AKR7A3,925
-1,SNAP91,0
1,CLK3,608
1,LGALS3BP,623
1,C9orf23,128,142,1363
-1,SYT4,0
1,EIF4EBP3,868
1,RPS9,0
-1,C14orf169,545
1,IGFBP7,890
1,CINP,0
1,CD302,891,929,941,946,979
-1,ARHGEF3,0
1,PSME1,807,825,889
-1,CADPS,0
1,C9orf140,584,1137,1332
1,KUA-UEV,731,878,1583
1,DAG1,1147
-1,PRR23B,0
1,C1orf61,1466
-1,IFITM5,442
1,LDHD,0
-1,CDC37L1,454,764
1,HSD17B10,836,919
1,DPY19L3,0
1,GRHPR,0
1,VPS72,0
-1,ATG5,0
-1,GABRG2,0
1,TMEM136,0
-1,TOMM34,791,875
1,HLA-A,0
1,CST3,0
-1,FAM83B,0
-1,C5orf5,0
-1,NDFIP1,0
1,GRN,1323
1,GM2A,531,553,576,581,621,644,649,663,727,979
1,TFPT,0
1,VPS52,167,1012
1,PHPT1,0
1,ACO2,280,848,1014
1,MTM1,0
1,RPL36,970,999,1173
1,PARP4,0
-1,LIPI,0
1,GSTM2,757,956
1,SYPL1,760,770,789,805,845,850,855,866,958
1,MRPL53,0
1,RPL8,700,956
1,RPS11,97,574,808,887,1283
1,C11orf48,846
1,FAM102A,23,95,481,555,562,590,597,617,705
1,PXMP2,894
1,MGST1,0
-1,CCPG1,0
-1,KIAA1600,590,784,822,883
-1,NEFH,808,966
-1,SYNJ1,888,951,981
1,OACT2,849
1,GNG12,0
1,PON2,944
1,C16orf14,792,902
1,PECR,918,927,931
-1,TRIM37,381
1,LIX1L,829,870,904
-1,YARS,50,76,601,750,762
-1,LPHN2,0
-1,SMAP1,33
1,SELENBP1,0
-1,POPDC3,0
1,RFXANK,0
1,NPL,0
-1,TCEAL2,0
-1,CASC1,0
-1,CD83,0
1,BCKDHA,648
1,TSC22D4,401
-1,APRIN,0
1,FAH,0
-1,MKL2,0
-1,SLC6A15,0
-1,LIN28B,0
-1,MEF2C,0
-1,ATP6V1C1,0
-1,MTCH1,709,931
-1,ARL15,699,835
1,C2orf18,310,386
1,SLC25A1,705,771,798,890,895,992,1023,1476
1,CRYL1,0
1,IGSF1,0
1,SFRS15,230,642,831
1,PYCR2,308,440,520,543
-1,PTPN4,676
1,C11orf59,741,746
1,ARSF,0
1,CLDN10,0
1,TGFB2,0
1,DOCK1,577,617,864,868
-1,CDH12,0
-1,ENO2,752,912,917
-1,OXR1,0
-1,PIP3-E,0
1,ANXA5,0
1,BCAT2,1215
-1,CACNA2D3,108,226,369,417,631,657,752,815,824,929
-1,RSPO3,346,364,530,666,715,830
1,TMEM134,1162
1,RPL30,736
-1,PLCB1,0
1,DERA,884,1323
1,RANBP3L,0
-1,NAPB,804
1,ITGB5,0
1,C2orf34,669
1,PRKCSH,252,418
1,GPR37L1,0
1,MERTK,342,626,667,727,824,893
1,C2orf68,0
-1,SLC25A12,791
1,ASRGL1,445,624,846
-1,TOMM70A,455,505,770
1,PCDHGA12,0
-1,THYN1,501
1,MTA3,0
1,C2orf28,609,619,633,765,776,787,1366,1387
1,IRF2BP2,478,542,549,573,580,704,722,726,791
1,GNA13,682,767,787,826,840,906,931
-1,TOPBP1,19,76,300,331
-1,MYH10,0
1,FADS1,528,571
1,EPN2,397
1,PITPNC1,276,280,436,971
-1,PCMT1,932
1,CTSH,801,836,845,861,877,1571
1,ZBTB20,0
1,C9orf46,0
-1,PCTK2,0
-1,ENPP5,0
-1,CAPZA2,785
-1,DNAJC5G,142,148,154,160,600
-1,CCNF,317
1,ADHFE1,0
1,TMBIM4,845
1,MARCKSL1,564,569,574,713,750
1,C10orf26,0
-1,SLC30A5,0
1,RPS13,0
1,AGXT2L1,0
-1,PIP5KL1,797
1,ACOX2,0
-1,CCDC63,0
1,OLIG2,1,175
1,ZNF775,614
-1,RALYL,0
1,PNPO,626,722
-1,AFF2,475,590,630,785,975
1,MSRB2,0
-1,COL5A2,0
-1,WASL,344,654,915
-1,ZNF804B,417,433,935,987
1,ACSS1,88,764
-1,SLC39A10,0
1,AP3M1,673
-1,DCP2,784,850
1,HYI,774,785,921,927,934,941,948,977
-1,VMA21,0
1,DBI,510
1,ZFHX4,0
1,EDG1,0
-1,WDR16,76,124
1,ADORA2B,509,774
-1,RPP40,0
-1,CYP4X1,0
1,PPAP2A,407,420,527,547,839,854
-1,PRICKLE1,0
1,FBXO8,0
1,C5orf4,0
1,HDGF,0
1,MDS032,919,947,1007,1505
1,RPLP0,0
1,S100B,0
1,EPHX2,0
1,PPP2R5C,0
1,CRTAC1,413,582,606
-1,NCKAP1,0
-1,FAM26C,664
1,GNA12,0
1,ABHD3,710,714,847,852
1,TSPAN12,250,257,374,380,386,394,918
1,PXMP3,0
-1,B3GNT1,999
-1,OR5K3,0
-1,TTC19,691
-1,NDEL1,0
1,TP53BP2,0
-1,FLJ23049,0
-1,PANK2,0
-1,CUL3,0
1,FYN,1097
-1,AP3M2,0
1,UCRC,41
-1,EPB41L3,0
1,USP54,0
-1,ZNF533,0
1,RPS4X,583
-1,B4GALNT2,0
-1,RP1-32F7.2,0
1,FUCA2,300,855
1,RRNAD1,441,751
-1,TAS2R8,0
-1,KRT222P,0
1,TAX1BP3,486,751,756,796,1399
1,NR2E1,879,982,1167
-1,AHI1,0
1,SLC39A12,0
-1,MC3R,0
1,SS18,862
-1,ADARB1,0
1,FGFR2,0
-1,GPRASP2,0
1,MIF4GD,81,116,637,839,901,1538
1,SLC7A6OS,0
-1,LARGE,0
1,ACTL6A,574,621,651,709
-1,ZYG11B,0
1,SLC9A9,0
1,GPR177,0
1,ACSBG1,298
1,RIT1,344
-1,MLL2,0
-1,ORC4L,0
1,PLAT,0
1,FLJ10986,0
-1,GLS,0
1,HHLA3,318,899,1135
-1,PI4KII,432
1,DERL2,925
-1,IL5RA,0
1,C6orf129,0
1,FGF1,0
1,PACS2,716,841,887,914,934
1,SORCS2,1158,1275
1,LGALS3,0
-1,ALS2CR13,0
-1,UBE2D2,366,570,574,955,967
-1,NARS,0
-1,ACTR6,53,153,221,910
1,PIPOX,0
1,PHLPP,504,635,953
-1,KLK7,0
1,CD82,1215
1,EPB41L5,0
-1,LUZP4,0
1,ACOX1,168,401,535
-1,GRM1,387
-1,REEP5,780
-1,ALX4,975,1135,1309
1,OPLAH,0
1,CYB5A,534,657,865,880
-1,AFF3,0
-1,ZNF490,793,821
1,C3orf63,644,721,933
-1,CAMTA1,0
1,ACAA1,0
1,AK2,720,761
-1,LRFN5,0
-1,ZNF396,0
1,GJB6,0
1,KIAA1161,167
1,SLCO1C1,0
1,CDC14A,0
1,RPL11,0
-1,LDB2,0
1,CDC2L1,0
-1,PRC1,559
-1,LGALS13,0
-1,NDUFV2,789,811,865
1,RGS20,0
-1,RIOK1,443
-1,HSDL1,0
1,HLA-F,0
-1,RPIB9,480
1,C5orf32,53
1,PELI2,854,1000
-1,MRPS36,195
-1,KIAA0528,144,546,915
1,EDG7,0
-1,MTMR4,0
1,C1orf198,410,756
-1,VDAC3,0
1,DLL1,0
-1,MAG1,364
1,TUFM,792
-1,PCDHGA1,0
1,SEC13,414
1,PSAT1,656,982
1,IDH1,0
-1,ZBTB24,107
