1,CAT,742
1,ACY1,0
1,CHCHD8,0
1,GATM,102
1,MYO6,0
1,C1orf122,293,340,1032
1,CDC14B,544
1,EDNRB,670,723
1,PDLIM3,0
1,C6orf48,0
-1,UBP1,891,913
1,PGCP,1189,1193
-1,CADPS2,0
1,PPIB,1430
1,ECH1,945
1,DTYMK,634,710
1,HSCB,211,773
1,TTLL4,996,1107
1,PNKD,1288
1,CSTB,414,552,732,983
1,MEGF10,142,620
1,H3F3C,0
1,POLR2F,1243,1541
1,HIP1R,534,551,556,1080,1504
1,ZFAND3,89,181,699,735,750,780,888
1,CLU,755,759
1,SERF2,157,695,799
1,PTTG1IP,0
1,PKM2,1014,1494,1528
1,RPL19,428
1,COPE,250,492,1062,1595
1,AASS,0
-1,NKRF,0
1,RPS14,0
1,C12orf39,0
1,SPAG9,256,523,833,838
1,LIMS1,781,805,846
1,SNAP23,1141
1,PABPC1,363,907
1,PPAP2B,0
1,ZMAT5,50
1,SCNM1,262,279,324,349,678,812,1480
1,RPS5,0
1,RPL13A,0
1,BCAN,103,135,437
1,NKAIN4,319,431,1333
-1,UBE3A,0
-1,CCDC28A,0
1,C3orf70,462,587,908
1,RPL12,70,108,153
-1,RUSC1,131,136,701,1152,1215,1406
1,ELP4,0
-1,CAMSAP1L1,470,600,635,919,923
1,PDE6D,626,1377
1,GSN,953
1,THSD1,0
1,MMP28,546,716,739
1,LRRC3B,0
1,ALDH2,0
1,IDH2,911
1,ADA,345,349,1243,1540
-1,ABCA5,0
1,PGLS,680,743
1,IVD,0
1,QKI,383,401,937,941
-1,GRSF1,0
1,HSD17B6,0
-1,ELOVL4,0
1,PGM1,536,794,950,1025,1230
-1,RAB11FIP5,1124,1424
1,APOE,181,516,1454
1,PIR,906,949
1,RGC32,0
1,OLIG1,0
1,ACP6,227
1,CPT2,0
1,DFFA,0
-1,RAB3GAP1,0
1,CHCHD5,410,1029,1491
1,GPSN2,396,715
1,APCDD1,61,283,591,602
1,MLC1,1424,1588
1,SLC25A20,265,437,862
-1,SCAMP1,1313
1,RPS3,253
1,ARL6IP6,1130
1,ARHGAP24,76
1,HSD17B8,1225,1403,1508,1542
1,ZHX2,952,964
1,IQCK,0
-1,LZTFL1,449,835
-1,SH3BGRL2,669,786
1,PIK3C2A,0
-1,WDR69,0
-1,KPNA4,538
1,ACAA2,163
-1,GABARAPL1,0
1,ABTB2,14,21,106,1223,1287,1332
-1,RARS,0
1,BGLAP,87,481,743,894,1356
1,RAG1AP1,0
1,YIF1A,499
1,PRDX4,0
-1,GPIAP1,287,654,871
1,PCCB,829
-1,DENR,493,657
1,ALAD,1216
1,FAM36A,230
1,RHBDD1,0
-1,SDAD1,0
-1,OPTN,390
-1,PPP2CA,571,726
1,SCAMP2,0
1,STAT3,1313
-1,DNAJA2,0
1,S100A16,956,1066,1110,1180,1498
1,HIST1H2AC,180,329
1,TTYH1,410
1,PMF1,143,1245
1,CIB1,715,772
1,DIRC2,729
1,WIPI1,532
-1,MYCBP2,0
1,RBP1,1285
-1,SH3GL2,938,949,962
-1,PJA2,0
1,ATP6V0E1,0
1,CLCN2,251,275,573,614,638,761,1121
1,TPT1,198,413,904
-1,NEFM,843,848,1155
1,MAPRE1,0
1,GPR17,315,881
1,S100A13,55,831
1,CBR1,0
1,WDFY2,192,656,672,765,991
1,ELOVL2,728,742,1238,1242
1,CYP2J2,0
-1,MGC35154,916
-1,CCNB1,289,293
1,GALNT10,0
1,SGPL1,1343
1,GLUL,1027,1198
-1,NME5,0
-1,KIF21A,456
1,PLA2G5,541,1151,1382
-1,SMARCA2,227
1,THRA,284,479,783,807,1159,1424
1,KRT10,0
1,SASH1,554
1,EIF3S4,1154
1,FAU,41
1,CRB1,0
-1,SPATA18,572
1,C6orf72,885,905,915
1,EEF1D,41,128,1104,1212,1232,1249,1474,1531
1,RELA,684,1026,1449,1484
1,MON1B,357,1300
-1,MATR3,0
-1,PSMC1,0
1,PHGDH,1078,1151
1,PTPRZ1,517,584,938
-1,PREPL,484
1,GNG5,609,780,1122
1,PFN1,1174,1386
1,NT5C,935,1329
-1,SEL1L,0
1,CHDH,964
1,TNFSF13,179,757
1,NSMCE1,1500
1,PCDHGC3,1353
-1,VPS36,884
1,NME6,804
1,CTNNA1,595,795
-1,MCF2,0
1,CXorf38,0
1,RPS17,0
-1,SAE1,784
1,LRP4,47,807,927
1,CECR1,0
1,FER,0
1,TST,0
1,GNAI2,1513
1,NUBP1,0
1,FTL,378,532,733,889,1069,1331
1,HIP1,1156
-1,HSF2,0
1,AGPAT3,0
1,ALDH1A1,0
1,ATPAF1,691
1,RAB9A,0
1,DYNLT1,682
1,AKR7A3,588,1506
-1,SNAP91,110
1,CLK3,0
1,LGALS3BP,6,462,955,1061
1,C9orf23,5,374
-1,SYT4,0
1,EIF4EBP3,8,29,1584
1,RPS9,1011
-1,C14orf169,0
1,IGFBP7,0
1,CINP,749,1213
1,CD302,0
-1,ARHGEF3,384
1,PSME1,810,883,1539
-1,CADPS,370,531,606,787
1,C9orf140,431,940,998,1295
1,KUA-UEV,1386,1401
1,DAG1,0
-1,PRR23B,0
1,C1orf61,231,345,537
-1,IFITM5,428,445,955,1091,1138,1241,1245
1,LDHD,1325,1525,1531
-1,CDC37L1,450
1,HSD17B10,551,1561,1570
1,DPY19L3,0
1,GRHPR,0
1,VPS72,0
-1,ATG5,0
-1,GABRG2,726
1,TMEM136,317
-1,TOMM34,1113,1575
1,HLA-A,1193
1,CST3,1175,1179
-1,FAM83B,0
-1,C5orf5,0
-1,NDFIP1,333
1,GRN,573,1203,1335,1383,1550,1555,1582
1,GM2A,602,625
1,TFPT,0
1,VPS52,1270,1500
1,PHPT1,79,1527
1,ACO2,175
1,MTM1,0
1,RPL36,1003
1,PARP4,0
-1,LIPI,0
1,GSTM2,307
1,SYPL1,951,983
1,MRPL53,0
1,RPL8,107,120,482,521,846,1459
1,RPS11,1288,1506
1,C11orf48,0
1,FAM102A,558,777,1162,1182
1,PXMP2,954,1051,1055
1,MGST1,0
-1,CCPG1,0
-1,KIAA1600,775,804,1521
-1,NEFH,15,454,789,876,1203,1298
-1,SYNJ1,740,938
1,OACT2,360,860,1168
1,GNG12,0
1,PON2,588
1,C16orf14,907
1,PECR,122,417,715
-1,TRIM37,384,540,550
1,LIX1L,783,818,1581
-1,YARS,54,449,508,540,626,753,1154
-1,LPHN2,140
-1,SMAP1,0
1,SELENBP1,873,916
-1,POPDC3,961
1,RFXANK,244,712
1,NPL,0
-1,TCEAL2,953
-1,CASC1,0
-1,CD83,0
1,BCKDHA,124
1,TSC22D4,77,142,970,1239,1243
-1,APRIN,0
1,FAH,0
-1,MKL2,0
-1,SLC6A15,0
-1,LIN28B,496,586
-1,MEF2C,0
-1,ATP6V1C1,0
-1,MTCH1,1362
-1,ARL15,0
1,C2orf18,0
1,SLC25A1,28,84
1,CRYL1,0
1,IGSF1,0
1,SFRS15,0
1,PYCR2,311
-1,PTPN4,0
1,C11orf59,1,960
1,ARSF,0
1,CLDN10,442,1073
1,TGFB2,309,536
1,DOCK1,1033,1447,1525
-1,CDH12,0
-1,ENO2,702,707,899,1176
-1,OXR1,445,854
-1,PIP3-E,0
1,ANXA5,125,862
1,BCAT2,0
-1,CACNA2D3,111,299,458,660,762,779,783,800,818
-1,RSPO3,384,395,404,413,420,429
1,TMEM134,573,698,1082,1323
1,RPL30,205,240,721
-1,PLCB1,1494
1,DERA,0
1,RANBP3L,0
-1,NAPB,0
1,ITGB5,0
1,C2orf34,0
1,PRKCSH,0
1,GPR37L1,1148,1289
1,MERTK,151,218,424,565,592,611,686,707,732
1,C2orf68,780
-1,SLC25A12,784
1,ASRGL1,610
-1,TOMM70A,583,774,917
1,PCDHGA12,1353
-1,THYN1,0
1,MTA3,649,675,679,702,708,862,871,1276
1,C2orf28,613
1,IRF2BP2,953
1,GNA13,614,771,790,798,802,806,866,870
-1,TOPBP1,0
-1,MYH10,950
1,FADS1,323
1,EPN2,514,1538
1,PITPNC1,76,725,885
-1,PCMT1,0
1,CTSH,806
1,ZBTB20,0
1,C9orf46,572
-1,PCTK2,0
-1,ENPP5,0
-1,CAPZA2,97,899
-1,DNAJC5G,1464,1469,1473
-1,CCNF,0
1,ADHFE1,112,433
1,TMBIM4,0
1,MARCKSL1,252,887,913,1151
1,C10orf26,0
-1,SLC30A5,512
1,RPS13,0
1,AGXT2L1,0
-1,PIP5KL1,483
1,ACOX2,0
-1,CCDC63,0
1,OLIG2,1519
1,ZNF775,0
-1,RALYL,99,298,649,661
1,PNPO,826,1098,1563,1567
-1,AFF2,0
1,MSRB2,0
-1,COL5A2,0
-1,WASL,633
-1,ZNF804B,103,365,766,1014
1,ACSS1,542
-1,SLC39A10,0
1,AP3M1,0
-1,DCP2,0
1,HYI,1151
-1,VMA21,0
1,DBI,26,633
1,ZFHX4,483
1,EDG1,1312,1457,1476
-1,WDR16,62
1,ADORA2B,0
-1,RPP40,0
-1,CYP4X1,845
1,PPAP2A,0
-1,PRICKLE1,0
1,FBXO8,0
1,C5orf4,769
1,HDGF,821
1,MDS032,0
1,RPLP0,0
1,S100B,21,120,849
1,EPHX2,324
1,PPP2R5C,897,1129,1475
1,CRTAC1,416,421,473,516,703,1105
-1,NCKAP1,0
-1,FAM26C,668,672,676,680,1047
1,GNA12,616
1,ABHD3,717
1,TSPAN12,6
1,PXMP3,0
-1,B3GNT1,624,1007
-1,OR5K3,0
-1,TTC19,430,828
-1,NDEL1,889,1105,1168,1489
1,TP53BP2,0
-1,FLJ23049,0
-1,PANK2,0
-1,CUL3,0
1,FYN,1046
-1,AP3M2,1096
1,UCRC,0
-1,EPB41L3,1087
1,USP54,0
-1,ZNF533,0
1,RPS4X,0
-1,B4GALNT2,0
-1,RP1-32F7.2,0
1,FUCA2,813
1,RRNAD1,0
-1,TAS2R8,0
-1,KRT222P,147,203,705
1,TAX1BP3,491,759
1,NR2E1,167,184,261
-1,AHI1,0
1,SLC39A12,0
-1,MC3R,839
1,SS18,419,892
-1,ADARB1,587,613,691
1,FGFR2,0
-1,GPRASP2,490
1,MIF4GD,0
1,SLC7A6OS,841
-1,LARGE,0
1,ACTL6A,656
-1,ZYG11B,1069
1,SLC9A9,1367
1,GPR177,0
1,ACSBG1,481,542
1,RIT1,348
-1,MLL2,1501
-1,ORC4L,0
1,PLAT,0
1,FLJ10986,0
-1,GLS,1151
1,HHLA3,424,836
-1,PI4KII,0
1,DERL2,1442
-1,IL5RA,0
1,C6orf129,783,1103,1204,1544
1,FGF1,771,1278
1,PACS2,880,917
1,SORCS2,1098,1341,1494,1513,1530
1,LGALS3,425,433
-1,ALS2CR13,603,916
-1,UBE2D2,391,450,474,478,624
-1,NARS,484
-1,ACTR6,107
1,PIPOX,0
1,PHLPP,630
-1,KLK7,0
1,CD82,1067
1,EPB41L5,0
-1,LUZP4,0
1,ACOX1,369,515
-1,GRM1,362,390
-1,REEP5,0
-1,ALX4,702,1194,1487
1,OPLAH,406,1175,1418
1,CYB5A,0
-1,AFF3,267,444,454
-1,ZNF490,373,778,906
1,C3orf63,726
-1,CAMTA1,219
1,ACAA1,753
1,AK2,0
-1,LRFN5,0
-1,ZNF396,0
1,GJB6,0
1,KIAA1161,13,129,1055,1363,1571
1,SLCO1C1,0
1,CDC14A,0
1,RPL11,0
-1,LDB2,650,654,658,662,669,673,677,681,693,717,751,768,772,776,788,792
1,CDC2L1,0
-1,PRC1,553
-1,LGALS13,0
-1,NDUFV2,793,850
1,RGS20,0
-1,RIOK1,327
-1,HSDL1,0
1,HLA-F,0
-1,RPIB9,171,872,1131
1,C5orf32,317
1,PELI2,677,688,692
-1,MRPS36,0
-1,KIAA0528,445,521
1,EDG7,746
-1,MTMR4,11,19,454
1,C1orf198,1299,1374,1381
-1,VDAC3,1162
1,DLL1,311,636
-1,MAG1,961
1,TUFM,586,590,812,893,1057
-1,PCDHGA1,376
1,SEC13,278,303,342,449,879
1,PSAT1,0
1,IDH1,1387
-1,ZBTB24,1146
1,CAT,742
1,ACY1,0
1,CHCHD8,0
1,GATM,102
1,MYO6,0
1,C1orf122,293,340,1032
1,CDC14B,544
1,EDNRB,670,723
1,PDLIM3,0
1,C6orf48,0
-1,UBP1,891,913
1,PGCP,1189,1193
-1,CADPS2,0
1,PPIB,1430
1,ECH1,945
1,DTYMK,634,710
1,HSCB,211,773
1,TTLL4,996,1107
1,PNKD,1288
1,CSTB,414,552,732,983
1,MEGF10,142,620
1,H3F3C,0
1,POLR2F,1243,1541
1,HIP1R,534,551,556,1080,1504
1,ZFAND3,89,181,699,735,750,780,888
1,CLU,755,759
1,SERF2,157,695,799
1,PTTG1IP,0
1,PKM2,1014,1494,1528
1,RPL19,428
1,COPE,250,492,1062,1595
1,AASS,0
-1,NKRF,0
1,RPS14,0
1,C12orf39,0
1,SPAG9,256,523,833,838
1,LIMS1,781,805,846
1,SNAP23,1141
1,PABPC1,363,907
1,PPAP2B,0
1,ZMAT5,50
1,SCNM1,262,279,324,349,678,812,1480
1,RPS5,0
1,RPL13A,0
1,BCAN,103,135,437
1,NKAIN4,319,431,1333
-1,UBE3A,0
-1,CCDC28A,0
1,C3orf70,462,587,908
1,RPL12,70,108,153
-1,RUSC1,131,136,701,1152,1215,1406
1,ELP4,0
-1,CAMSAP1L1,470,600,635,919,923
1,PDE6D,626,1377
1,GSN,953
1,THSD1,0
1,MMP28,546,716,739
1,LRRC3B,0
1,ALDH2,0
1,IDH2,911
1,ADA,345,349,1243,1540
-1,ABCA5,0
1,PGLS,680,743
1,IVD,0
1,QKI,383,401,937,941
-1,GRSF1,0
1,HSD17B6,0
-1,ELOVL4,0
1,PGM1,536,794,950,1025,1230
-1,RAB11FIP5,1124,1424
1,APOE,181,516,1454
1,PIR,906,949
1,RGC32,0
1,OLIG1,0
1,ACP6,227
1,CPT2,0
1,DFFA,0
-1,RAB3GAP1,0
1,CHCHD5,410,1029,1491
1,GPSN2,396,715
1,APCDD1,61,283,591,602
1,MLC1,1424,1588
1,SLC25A20,265,437,862
-1,SCAMP1,1313
1,RPS3,253
1,ARL6IP6,1130
1,ARHGAP24,76
1,HSD17B8,1225,1403,1508,1542
1,ZHX2,952,964
1,IQCK,0
-1,LZTFL1,449,835
-1,SH3BGRL2,669,786
1,PIK3C2A,0
-1,WDR69,0
-1,KPNA4,538
1,ACAA2,163
-1,GABARAPL1,0
1,ABTB2,14,21,106,1223,1287,1332
-1,RARS,0
1,BGLAP,87,481,743,894,1356
1,RAG1AP1,0
1,YIF1A,499
1,PRDX4,0
-1,GPIAP1,287,654,871
1,PCCB,829
-1,DENR,493,657
1,ALAD,1216
1,FAM36A,230
1,RHBDD1,0
-1,SDAD1,0
-1,OPTN,390
-1,PPP2CA,571,726
1,SCAMP2,0
1,STAT3,1313
-1,DNAJA2,0
1,S100A16,956,1066,1110,1180,1498
1,HIST1H2AC,180,329
1,TTYH1,410
1,PMF1,143,1245
1,CIB1,715,772
1,DIRC2,729
1,WIPI1,532
-1,MYCBP2,0
1,RBP1,1285
-1,SH3GL2,938,949,962
-1,PJA2,0
1,ATP6V0E1,0
1,CLCN2,251,275,573,614,638,761,1121
1,TPT1,198,413,904
-1,NEFM,843,848,1155
1,MAPRE1,0
1,GPR17,315,881
1,S100A13,55,831
1,CBR1,0
1,WDFY2,192,656,672,765,991
1,ELOVL2,728,742,1238,1242
1,CYP2J2,0
-1,MGC35154,916
-1,CCNB1,289,293
1,GALNT10,0
1,SGPL1,1343
1,GLUL,1027,1198
-1,NME5,0
-1,KIF21A,456
1,PLA2G5,541,1151,1382
-1,SMARCA2,227
1,THRA,284,479,783,807,1159,1424
1,KRT10,0
1,SASH1,554
1,EIF3S4,1154
1,FAU,41
1,CRB1,0
-1,SPATA18,572
1,C6orf72,885,905,915
1,EEF1D,41,128,1104,1212,1232,1249,1474,1531
1,RELA,684,1026,1449,1484
1,MON1B,357,1300
-1,MATR3,0
-1,PSMC1,0
1,PHGDH,1078,1151
1,PTPRZ1,517,584,938
-1,PREPL,484
1,GNG5,609,780,1122
1,PFN1,1174,1386
1,NT5C,935,1329
-1,SEL1L,0
1,CHDH,964
1,TNFSF13,179,757
1,NSMCE1,1500
1,PCDHGC3,1353
-1,VPS36,884
1,NME6,804
1,CTNNA1,595,795
-1,MCF2,0
1,CXorf38,0
1,RPS17,0
-1,SAE1,784
1,LRP4,47,807,927
1,CECR1,0
1,FER,0
1,TST,0
1,GNAI2,1513
1,NUBP1,0
1,FTL,378,532,733,889,1069,1331
1,HIP1,1156
-1,HSF2,0
1,AGPAT3,0
1,ALDH1A1,0
1,ATPAF1,691
1,RAB9A,0
1,DYNLT1,682
1,AKR7A3,588,1506
-1,SNAP91,110
1,CLK3,0
1,LGALS3BP,6,462,955,1061
1,C9orf23,5,374
-1,SYT4,0
1,EIF4EBP3,8,29,1584
1,RPS9,1011
-1,C14orf169,0
1,IGFBP7,0
1,CINP,749,1213
1,CD302,0
-1,ARHGEF3,384
1,PSME1,810,883,1539
-1,CADPS,370,531,606,787
1,C9orf140,431,940,998,1295
1,KUA-UEV,1386,1401
1,DAG1,0
-1,PRR23B,0
1,C1orf61,231,345,537
-1,IFITM5,428,445,955,1091,1138,1241,1245
1,LDHD,1325,1525,1531
-1,CDC37L1,450
1,HSD17B10,551,1561,1570
1,DPY19L3,0
1,GRHPR,0
1,VPS72,0
-1,ATG5,0
-1,GABRG2,726
1,TMEM136,317
-1,TOMM34,1113,1575
1,HLA-A,1193
1,CST3,1175,1179
-1,FAM83B,0
-1,C5orf5,0
-1,NDFIP1,333
1,GRN,573,1203,1335,1383,1550,1555,1582
1,GM2A,602,625
1,TFPT,0
1,VPS52,1270,1500
1,PHPT1,79,1527
1,ACO2,175
1,MTM1,0
1,RPL36,1003
1,PARP4,0
-1,LIPI,0
1,GSTM2,307
1,SYPL1,951,983
1,MRPL53,0
1,RPL8,107,120,482,521,846,1459
1,RPS11,1288,1506
1,C11orf48,0
1,FAM102A,558,777,1162,1182
1,PXMP2,954,1051,1055
1,MGST1,0
-1,CCPG1,0
-1,KIAA1600,775,804,1521
-1,NEFH,15,454,789,876,1203,1298
-1,SYNJ1,740,938
1,OACT2,360,860,1168
1,GNG12,0
1,PON2,588
1,C16orf14,907
1,PECR,122,417,715
-1,TRIM37,384,540,550
1,LIX1L,783,818,1581
-1,YARS,54,449,508,540,626,753,1154
-1,LPHN2,140
-1,SMAP1,0
1,SELENBP1,873,916
-1,POPDC3,961
1,RFXANK,244,712
1,NPL,0
-1,TCEAL2,953
-1,CASC1,0
-1,CD83,0
1,BCKDHA,124
1,TSC22D4,77,142,970,1239,1243
-1,APRIN,0
1,FAH,0
-1,MKL2,0
-1,SLC6A15,0
-1,LIN28B,496,586
-1,MEF2C,0
-1,ATP6V1C1,0
-1,MTCH1,1362
-1,ARL15,0
1,C2orf18,0
1,SLC25A1,28,84
1,CRYL1,0
1,IGSF1,0
1,SFRS15,0
1,PYCR2,311
-1,PTPN4,0
1,C11orf59,1,960
1,ARSF,0
1,CLDN10,442,1073
1,TGFB2,309,536
1,DOCK1,1033,1447,1525
-1,CDH12,0
-1,ENO2,702,707,899,1176
-1,OXR1,445,854
-1,PIP3-E,0
1,ANXA5,125,862
1,BCAT2,0
-1,CACNA2D3,111,299,458,660,762,779,783,800,818
-1,RSPO3,384,395,404,413,420,429
1,TMEM134,573,698,1082,1323
1,RPL30,205,240,721
-1,PLCB1,1494
1,DERA,0
1,RANBP3L,0
-1,NAPB,0
1,ITGB5,0
1,C2orf34,0
1,PRKCSH,0
1,GPR37L1,1148,1289
1,MERTK,151,218,424,565,592,611,686,707,732
1,C2orf68,780
-1,SLC25A12,784
1,ASRGL1,610
-1,TOMM70A,583,774,917
1,PCDHGA12,1353
-1,THYN1,0
1,MTA3,649,675,679,702,708,862,871,1276
1,C2orf28,613
1,IRF2BP2,953
1,GNA13,614,771,790,798,802,806,866,870
-1,TOPBP1,0
-1,MYH10,950
1,FADS1,323
1,EPN2,514,1538
1,PITPNC1,76,725,885
-1,PCMT1,0
1,CTSH,806
1,ZBTB20,0
1,C9orf46,572
-1,PCTK2,0
-1,ENPP5,0
-1,CAPZA2,97,899
-1,DNAJC5G,1464,1469,1473
-1,CCNF,0
1,ADHFE1,112,433
1,TMBIM4,0
1,MARCKSL1,252,887,913,1151
1,C10orf26,0
-1,SLC30A5,512
1,RPS13,0
1,AGXT2L1,0
-1,PIP5KL1,483
1,ACOX2,0
-1,CCDC63,0
1,OLIG2,1519
1,ZNF775,0
-1,RALYL,99,298,649,661
1,PNPO,826,1098,1563,1567
-1,AFF2,0
1,MSRB2,0
-1,COL5A2,0
-1,WASL,633
-1,ZNF804B,103,365,766,1014
1,ACSS1,542
-1,SLC39A10,0
1,AP3M1,0
-1,DCP2,0
1,HYI,1151
-1,VMA21,0
1,DBI,26,633
1,ZFHX4,483
1,EDG1,1312,1457,1476
-1,WDR16,62
1,ADORA2B,0
-1,RPP40,0
-1,CYP4X1,845
1,PPAP2A,0
-1,PRICKLE1,0
1,FBXO8,0
1,C5orf4,769
1,HDGF,821
1,MDS032,0
1,RPLP0,0
1,S100B,21,120,849
1,EPHX2,324
1,PPP2R5C,897,1129,1475
1,CRTAC1,416,421,473,516,703,1105
-1,NCKAP1,0
-1,FAM26C,668,672,676,680,1047
1,GNA12,616
1,ABHD3,717
1,TSPAN12,6
1,PXMP3,0
-1,B3GNT1,624,1007
-1,OR5K3,0
-1,TTC19,430,828
-1,NDEL1,889,1105,1168,1489
1,TP53BP2,0
-1,FLJ23049,0
-1,PANK2,0
-1,CUL3,0
1,FYN,1046
-1,AP3M2,1096
1,UCRC,0
-1,EPB41L3,1087
1,USP54,0
-1,ZNF533,0
1,RPS4X,0
-1,B4GALNT2,0
-1,RP1-32F7.2,0
1,FUCA2,813
1,RRNAD1,0
-1,TAS2R8,0
-1,KRT222P,147,203,705
1,TAX1BP3,491,759
1,NR2E1,167,184,261
-1,AHI1,0
1,SLC39A12,0
-1,MC3R,839
1,SS18,419,892
-1,ADARB1,587,613,691
1,FGFR2,0
-1,GPRASP2,490
1,MIF4GD,0
1,SLC7A6OS,841
-1,LARGE,0
1,ACTL6A,656
-1,ZYG11B,1069
1,SLC9A9,1367
1,GPR177,0
1,ACSBG1,481,542
1,RIT1,348
-1,MLL2,1501
-1,ORC4L,0
1,PLAT,0
1,FLJ10986,0
-1,GLS,1151
1,HHLA3,424,836
-1,PI4KII,0
1,DERL2,1442
-1,IL5RA,0
1,C6orf129,783,1103,1204,1544
1,FGF1,771,1278
1,PACS2,880,917
1,SORCS2,1098,1341,1494,1513,1530
1,LGALS3,425,433
-1,ALS2CR13,603,916
-1,UBE2D2,391,450,474,478,624
-1,NARS,484
-1,ACTR6,107
1,PIPOX,0
1,PHLPP,630
-1,KLK7,0
1,CD82,1067
1,EPB41L5,0
-1,LUZP4,0
1,ACOX1,369,515
-1,GRM1,362,390
-1,REEP5,0
-1,ALX4,702,1194,1487
1,OPLAH,406,1175,1418
1,CYB5A,0
-1,AFF3,267,444,454
-1,ZNF490,373,778,906
1,C3orf63,726
-1,CAMTA1,219
1,ACAA1,753
1,AK2,0
-1,LRFN5,0
-1,ZNF396,0
1,GJB6,0
1,KIAA1161,13,129,1055,1363,1571
1,SLCO1C1,0
1,CDC14A,0
1,RPL11,0
-1,LDB2,650,654,658,662,669,673,677,681,693,717,751,768,772,776,788,792
1,CDC2L1,0
-1,PRC1,553
-1,LGALS13,0
-1,NDUFV2,793,850
1,RGS20,0
-1,RIOK1,327
-1,HSDL1,0
1,HLA-F,0
-1,RPIB9,171,872,1131
1,C5orf32,317
1,PELI2,677,688,692
-1,MRPS36,0
-1,KIAA0528,445,521
1,EDG7,746
-1,MTMR4,11,19,454
1,C1orf198,1299,1374,1381
-1,VDAC3,1162
1,DLL1,311,636
-1,MAG1,961
1,TUFM,586,590,812,893,1057
-1,PCDHGA1,376
1,SEC13,278,303,342,449,879
1,PSAT1,0
1,IDH1,1387
-1,ZBTB24,1146
