TF_NAME	MATRIX_ID	Z_SCORE	P_VALUE	SAMPLE_AVERAGE	BACKGROUND_AVERAGE	SAMPLE_DEVSTD	SAMPLE_SIZE
ZBTB33	MA0527.1	4.28386	9.1185e-06	0.854067	0.786726	0.0813471	10
Sox1	MA0870.1	3.51216	0.000221953	0.786467	0.729639	0.0406661	10
NFATC3	MA0625.1	3.50929	0.000224437	0.944611	0.894744	0.0297337	10
HES7	MA0822.1	3.4584	0.000271214	0.814741	0.755756	0.0522413	10
NFATC1	MA0624.1	3.42801	0.00030379	0.955755	0.910744	0.0235472	10
HES5	MA0821.1	2.95098	0.00158128	0.821428	0.773233	0.0556722	10
IRF3	MA1418.1	2.71637	0.00329456	0.76761	0.732481	0.0486942	10
NFAT5	MA0606.1	2.60742	0.00455862	0.937665	0.903642	0.0283937	10
ONECUT3	MA0757.1	2.57636	0.00498809	0.827075	0.775372	0.0547349	10
SOX21	MA0866.1	2.55422	0.00531674	0.770767	0.729573	0.0450195	10
NFIC	MA0161.2	2.5461	0.0054398	0.905183	0.866086	0.0528804	10
Foxd3	MA0041.1	2.51686	0.00591622	0.926426	0.884841	0.0413549	10
Creb3l2	MA0608.1	2.45637	0.00701128	0.892741	0.855388	0.0443707	10
FOXC1	MA0032.2	2.43647	0.00741153	0.91495	0.871903	0.0397815	10
FOXC2	MA0846.1	2.30481	0.0105838	0.907259	0.86587	0.0377632	10
ONECUT2	MA0756.1	2.3033	0.0106225	0.819822	0.776332	0.0559599	10
SOX8	MA0868.1	2.27186	0.0115381	0.714716	0.678635	0.0482997	10
ONECUT1	MA0679.1	2.22026	0.0131911	0.819665	0.777811	0.05408	10
Tcfl5	MA0632.1	2.19093	0.0142206	0.948404	0.909982	0.043637	10
FOXL1	MA0033.2	2.08211	0.018661	0.96261	0.92605	0.0313027	10
FOXF2	MA0030.1	2.06267	0.0195672	0.849527	0.816062	0.025136	10
FOXB1	MA0845.1	2.05526	0.0199165	0.881028	0.843018	0.0484099	10
E2F1	MA0024.3	2.04655	0.0203349	0.816013	0.78829	0.0446347	10
Arid3a	MA0151.1	1.9993	0.0227832	0.988001	0.946173	0.0306983	10
Foxq1	MA0040.1	1.99528	0.0230003	0.885677	0.850809	0.0307778	10
Hand1::Tcf3	MA0092.1	1.97601	0.0240577	0.926013	0.9048	0.0367155	10
FOXK2	MA1103.1	1.96279	0.0248293	0.894236	0.857492	0.0320056	10
ZNF143	MA0088.2	1.90507	0.0283567	0.79371	0.770055	0.0505145	10
SPDEF	MA0686.1	1.88688	0.0295643	0.845703	0.820302	0.0484658	10
Pax2	MA0067.1	1.84466	0.0325328	0.965473	0.947034	0.0220685	10
NFIA	MA0670.1	1.8212	0.0342671	0.914719	0.876642	0.0676288	10
MNT	MA0825.1	1.80346	0.0356419	0.891936	0.86276	0.0447533	10
MEF2A	MA0052.3	1.77979	0.037537	0.857066	0.819193	0.0615904	10
POU5F1	MA1115.1	1.76422	0.0388307	0.892215	0.858339	0.0515772	10
Hoxd9	MA0913.1	1.75786	0.0393721	0.921226	0.894401	0.0365866	10
NFATC2	MA0152.1	1.74502	0.0404771	0.961407	0.936661	0.0340629	10
Ar	MA0007.3	1.72393	0.0423439	0.771985	0.749953	0.0337453	10
IRF9	MA0653.1	1.72241	0.0424757	0.744999	0.719987	0.044864	10
EBF1	MA0154.3	1.70503	0.0440733	0.821518	0.796424	0.0442302	10
Six3	MA0631.1	1.6978	0.0447532	0.790021	0.766128	0.0402217	10
Sox11	MA0869.1	1.69086	0.0454183	0.725349	0.696593	0.0385806	10
ZBTB18	MA0698.1	1.67608	0.046831	0.849531	0.825515	0.0511147	10
Foxj3	MA0851.1	1.67252	0.0472011	0.854471	0.825342	0.032959	10
Nr2e1	MA0676.1	1.64678	0.0497825	0.896654	0.871319	0.0415352	10
MEF2C	MA0497.1	1.64046	0.0504384	0.878771	0.850039	0.0427491	10
POU2F2	MA0507.1	1.59785	0.0550144	0.85586	0.826126	0.0560439	10
SMAD2::SMAD3::SMAD4	MA0513.1	1.59756	0.0550557	0.854525	0.833321	0.0302876	10
SRY	MA0084.1	1.59748	0.0550689	0.937482	0.914513	0.0268399	10
KLF16	MA0741.1	1.59492	0.0553513	0.915316	0.885928	0.0390712	10
MEF2D	MA0773.1	1.59148	0.0557264	0.848458	0.813575	0.0655189	10
SOX15	MA1152.1	1.58927	0.0559898	0.931925	0.908677	0.025259	10
Zfx	MA0146.2	1.58522	0.0564398	0.908944	0.879367	0.0483787	10
SREBF2(var.2)	MA0828.1	1.58337	0.0566486	0.837415	0.8121	0.0434949	10
HOXB13	MA0901.1	1.56788	0.0584319	0.887531	0.861258	0.0483338	10
FOXD2	MA0847.1	1.55858	0.0595353	0.956614	0.935761	0.0261743	10
HOXC10	MA0905.1	1.55785	0.0596107	0.891827	0.866999	0.0463942	10
TFCP2	MA0145.3	1.55697	0.0597076	0.851488	0.830422	0.0460433	10
Hes1	MA1099.1	1.55575	0.0598739	0.906799	0.882978	0.0270128	10
TFEC	MA0871.1	1.53476	0.0623917	0.902502	0.884209	0.0394613	10
MLX	MA0663.1	1.5179	0.0644927	0.826858	0.802846	0.0482623	10
HEY1	MA0823.1	1.51205	0.0652514	0.85652	0.829471	0.0270901	10
Srebf1(var.2)	MA0829.1	1.50989	0.0655128	0.842188	0.817923	0.0456589	10
E2F3	MA0469.2	1.50359	0.0663143	0.745832	0.72776	0.0388096	10
Gfi1b	MA0483.1	1.49451	0.067491	0.890664	0.869976	0.0443786	10
Foxa2	MA0047.2	1.48913	0.0682119	0.878563	0.85579	0.0317727	10
SP4	MA0685.1	1.48878	0.0682416	0.831874	0.805541	0.0581158	10
MAFG	MA0659.1	1.4872	0.0684423	0.755996	0.739398	0.041123	10
FOXO4	MA0848.1	1.48414	0.0688724	0.935731	0.910767	0.0346254	10
TBP	MA0108.2	1.47641	0.0698845	0.874435	0.853462	0.0475235	10
ZSCAN4	MA1155.1	1.46882	0.0709081	0.777767	0.758085	0.0451655	10
TFEB	MA0692.1	1.44982	0.0735185	0.869759	0.848228	0.0520473	10
Hoxa11	MA0911.1	1.41048	0.0791789	0.851087	0.831248	0.0349308	10
LIN54	MA0619.1	1.39876	0.0809251	0.933187	0.903375	0.0482615	10
FOXA1	MA0148.3	1.39731	0.0811469	0.873455	0.852327	0.0283573	10
FOXG1	MA0613.1	1.39554	0.0814071	0.902607	0.873661	0.0510677	10
Id2	MA0617.1	1.391	0.0820721	0.879525	0.853273	0.0695749	10
NFIX	MA0671.1	1.38933	0.0823264	0.962545	0.950047	0.0324977	10
BCL6B	MA0731.1	1.38123	0.083584	0.713984	0.695965	0.0315929	10
PAX7	MA0680.1	1.37381	0.084726	0.799671	0.77065	0.0578837	10
BATF3	MA0835.1	1.36873	0.0855134	0.711465	0.690572	0.0460532	10
ZNF384	MA1125.1	1.3666	0.0858574	0.920739	0.880273	0.0679623	10
Esrrg	MA0643.1	1.35741	0.087287	0.871011	0.850639	0.0523428	10
Mlxip	MA0622.1	1.35202	0.0881521	0.88119	0.855234	0.0613079	10
RORB	MA1150.1	1.34946	0.0885827	0.87436	0.856822	0.0221643	10
POU4F1	MA0790.1	1.34314	0.0895963	0.808088	0.780954	0.0441765	10
Myod1	MA0499.1	1.33942	0.0901814	0.907387	0.886961	0.051049	10
Foxo1	MA0480.1	1.33317	0.0912081	0.886402	0.866891	0.0436677	10
FOXP3	MA0850.1	1.32714	0.0922145	0.955466	0.939312	0.0268762	10
Rarg	MA0859.1	1.31514	0.094184	0.761877	0.741035	0.0616283	10
CUX2	MA0755.1	1.3073	0.0955329	0.827464	0.803299	0.0468301	10
POU3F3	MA0788.1	1.30268	0.096312	0.834104	0.809472	0.0570732	10
HOXD12	MA0873.1	1.29985	0.0967971	0.836057	0.817025	0.0431269	10
HOXC11	MA0651.1	1.29829	0.0970659	0.847115	0.827196	0.0440852	10
POU3F4	MA0789.1	1.29468	0.0976893	0.863435	0.836991	0.0565247	10
HOXA10	MA0899.1	1.29251	0.0980751	0.890398	0.86806	0.0345255	10
CUX1	MA0754.1	1.28916	0.0986456	0.843956	0.819599	0.0514308	10
PAX3	MA0780.1	1.28179	0.0999332	0.808311	0.781063	0.0562779	10
ESR2	MA0258.2	1.27952	0.10029	0.836792	0.821593	0.0550049	10
RORC	MA1151.1	1.26379	0.103123	0.875768	0.860276	0.0354396	10
CREB3L1	MA0839.1	1.25956	0.103893	0.773567	0.757521	0.0313109	10
HOXD13	MA0909.1	1.25585	0.104561	0.897431	0.875855	0.0451856	10
Foxj2	MA0614.1	1.25225	0.105226	0.920441	0.897954	0.0336739	10
FOSL1::JUND	MA1142.1	1.22975	0.109372	0.883179	0.865777	0.0355829	10
NRL	MA0842.1	1.22335	0.110558	0.892296	0.877357	0.0425935	10
ZBED1	MA0749.1	1.21702	0.111743	0.740161	0.7249	0.0510919	10
GATA5	MA0766.1	1.21274	0.112593	0.936453	0.917448	0.0390306	10
POU1F1	MA0784.1	1.21203	0.112709	0.801731	0.779427	0.0640044	10
MZF1(var.2)	MA0057.1	1.20565	0.113949	0.940216	0.927773	0.0283068	10
MITF	MA0620.2	1.20423	0.114171	0.789671	0.772302	0.0712993	10
HOXD11	MA0908.1	1.19455	0.116098	0.870548	0.85161	0.0490312	10
POU5F1B	MA0792.1	1.18198	0.11858	0.880326	0.858161	0.0508459	10
TFAP4	MA0691.1	1.17962	0.119046	0.847403	0.828578	0.0463873	10
NR2F2	MA1111.1	1.17305	0.120352	0.880398	0.861438	0.0516201	10
NR1A4::RXRA	MA1146.1	1.17263	0.120445	0.792302	0.779564	0.0297011	10
NFE2	MA0841.1	1.17118	0.120706	0.81105	0.791955	0.0681934	10
POU2F1	MA0785.1	1.15983	0.123029	0.846927	0.82559	0.0523166	10
CDX1	MA0878.1	1.14517	0.126053	0.914273	0.894178	0.0353043	10
RARA	MA0729.1	1.14171	0.126754	0.741361	0.726214	0.0404461	10
BHLHE40	MA0464.2	1.1174	0.131877	0.85608	0.836981	0.0530892	10
ARNT::HIF1A	MA0259.1	1.11551	0.1323	0.933072	0.914722	0.0337578	10
SP3	MA0746.1	1.11221	0.13301	0.918741	0.900242	0.0303434	10
JDP2	MA0655.1	1.10332	0.134909	0.828682	0.809326	0.0554586	10
GCM1	MA0646.1	1.0959	0.136545	0.83765	0.824472	0.0240905	10
NR1H4	MA1110.1	1.09526	0.136666	0.845233	0.828381	0.0493331	10
Klf12	MA0742.1	1.0908	0.137658	0.842791	0.826876	0.0340887	10
Nkx2-5(var.2)	MA0503.1	1.0888	0.138107	0.892268	0.879389	0.0213942	10
Arntl	MA0603.1	1.0704	0.142184	0.861733	0.843934	0.0526177	10
Dlx1	MA0879.1	1.06773	0.142806	0.920329	0.902694	0.032146	10
HOXA13	MA0650.1	1.06693	0.142977	0.887812	0.869817	0.0440095	10
MYCN	MA0104.4	1.06032	0.144467	0.828962	0.81122	0.0505412	10
ID4	MA0824.1	1.05752	0.145096	0.918874	0.902553	0.0523534	10
NR2F1	MA0017.2	1.05524	0.145584	0.861852	0.844972	0.0744874	10
FOXO6	MA0849.1	1.05352	0.146026	0.915083	0.895955	0.0470238	10
MEF2B	MA0660.1	1.05028	0.146765	0.82352	0.801303	0.0607805	10
FOSB::JUNB	MA1135.1	1.04501	0.147968	0.857683	0.840843	0.0547335	10
SP1	MA0079.3	1.04103	0.148904	0.941667	0.924259	0.0447285	10
POU4F3	MA0791.1	1.03983	0.149191	0.779331	0.758941	0.0412944	10
SOX4	MA0867.1	1.03931	0.149306	0.699966	0.683133	0.040393	10
Pou2f3	MA0627.1	1.02725	0.15212	0.807518	0.789356	0.0532196	10
GRHL2	MA1105.1	1.02133	0.153504	0.803186	0.787891	0.054074	10
FOXI1	MA0042.2	1.01375	0.155329	0.911188	0.892596	0.0433634	10
POU3F1	MA0786.1	1.00287	0.157919	0.844564	0.825215	0.0677243	10
POU3F2	MA0787.1	0.996117	0.159544	0.833325	0.81426	0.0746082	10
Nr2f6(var.2)	MA0728.1	0.984019	0.1625	0.765494	0.749561	0.0634637	10
Stat6	MA0520.1	0.981499	0.163134	0.856806	0.842672	0.0482076	10
PROP1	MA0715.1	0.980589	0.163388	0.81959	0.797876	0.0306138	10
CDX2	MA0465.1	0.967769	0.166569	0.881842	0.865434	0.0258197	10
FOS::JUNB	MA1134.1	0.967112	0.1667	0.840244	0.824949	0.0557192	10
GRHL1	MA0647.1	0.958685	0.168803	0.798474	0.783785	0.0615257	10
Tcf12	MA0521.1	0.947843	0.171562	0.903287	0.888324	0.0549475	10
RORA(var.2)	MA0072.1	0.946368	0.171935	0.814822	0.80084	0.0530385	10
ESRRB	MA0141.3	0.946063	0.172023	0.823537	0.807865	0.0518261	10
PAX5	MA0014.3	0.943974	0.17255	0.848433	0.83489	0.0495447	10
MAFK	MA0496.2	0.942998	0.172813	0.734105	0.722228	0.0343213	10
Rarb	MA0857.1	0.942903	0.172821	0.733743	0.719725	0.0526427	10
Arid5a	MA0602.1	0.939714	0.17366	0.851442	0.833286	0.0460191	10
FOSL2::JUNB	MA1138.1	0.936322	0.174516	0.852903	0.837277	0.0547818	10
TEAD1	MA0090.2	0.930619	0.175998	0.913667	0.902242	0.0337835	10
MSC	MA0665.1	0.928102	0.17663	0.848041	0.835372	0.0506334	10
MXI1	MA1108.1	0.926563	0.177044	0.847758	0.832236	0.0503503	10
IRF1	MA0050.2	0.924604	0.177565	0.80088	0.786113	0.0366797	10
NFIC::TLX1	MA0119.1	0.917214	0.179504	0.780646	0.766802	0.0238977	10
GATA3	MA0037.3	0.914781	0.180127	0.91964	0.903668	0.0468683	10
Rfx1	MA0509.1	0.900669	0.183846	0.815564	0.803157	0.043696	10
Hes2	MA0616.1	0.898851	0.184309	0.84689	0.836545	0.0472586	10
BHLHE41	MA0636.1	0.897329	0.184731	0.817392	0.802531	0.0568817	10
Nr5a2	MA0505.1	0.89372	0.185706	0.821361	0.808845	0.0404123	10
STAT1::STAT2	MA0517.1	0.887348	0.187415	0.829491	0.81663	0.0425151	10
FOSL2::JUND	MA1144.1	0.88491	0.188062	0.85107	0.83687	0.0551276	10
TP63	MA0525.2	0.883912	0.188328	0.733418	0.722819	0.0423954	10
Arid3b	MA0601.1	0.879964	0.189432	0.873751	0.853936	0.0236031	10
Mafb	MA0117.2	0.860815	0.194643	0.854429	0.842964	0.03666	10
MAFF	MA0495.2	0.860241	0.194792	0.713765	0.70258	0.0420567	10
E2F8	MA0865.1	0.851406	0.197232	0.769274	0.757213	0.0479106	10
JUN(var.2)	MA0489.1	0.847994	0.198179	0.846643	0.834215	0.0511468	10
TP73	MA0861.1	0.842204	0.199812	0.777388	0.76715	0.0317892	10
NR4A1	MA1112.1	0.83585	0.201601	0.870561	0.856433	0.0373838	10
MAX	MA0058.3	0.830052	0.20321	0.865732	0.851837	0.060363	10
Smad4	MA1153.1	0.827512	0.203937	0.903966	0.889054	0.0588443	10
TP53	MA0106.3	0.804192	0.210609	0.740912	0.731733	0.0361281	10
Pitx1	MA0682.1	0.798542	0.212235	0.918784	0.906073	0.0567741	10
NRF1	MA0506.1	0.796698	0.212777	0.873192	0.857175	0.0650577	10
KLF5	MA0599.1	0.789724	0.214821	0.954755	0.941922	0.041839	10
MLXIPL	MA0664.1	0.789384	0.214894	0.837844	0.825749	0.059736	10
RELA	MA0107.1	0.788874	0.215055	0.865268	0.853475	0.0499623	10
SP2	MA0516.1	0.785404	0.21609	0.900691	0.886827	0.0385941	10
USF2	MA0526.2	0.782714	0.21685	0.81172	0.799035	0.061672	10
HIF1A	MA1106.1	0.780128	0.217625	0.870674	0.856929	0.0546012	10
CTCF	MA0139.1	0.762919	0.222733	0.803859	0.793984	0.0325167	10
FOS::JUND	MA1141.1	0.761418	0.223159	0.836389	0.824652	0.056723	10
MYC	MA0147.3	0.760232	0.22353	0.844755	0.831813	0.048491	10
GATA1::TAL1	MA0140.2	0.755099	0.225028	0.805246	0.794716	0.0638645	10
RHOXF1	MA0719.1	0.746504	0.227652	0.975499	0.969985	0.0217581	10
RELB	MA1117.1	0.74376	0.228489	0.862219	0.851826	0.034665	10
Sox3	MA0514.1	0.742306	0.228929	0.914258	0.904679	0.0318355	10
RORA	MA0071.1	0.731838	0.232102	0.870759	0.859523	0.0473642	10
Sox17	MA0078.1	0.730075	0.232648	0.920666	0.909446	0.0405073	10
Sox2	MA0143.3	0.728828	0.233021	0.898238	0.885915	0.0528398	10
Myog	MA0500.1	0.7184	0.236219	0.908119	0.896577	0.0542727	10
Barhl1	MA0877.1	0.712628	0.238017	0.914049	0.90532	0.0301337	10
Ascl2	MA0816.1	0.692268	0.244358	0.872284	0.861785	0.0430867	10
Nr1h3::Rxra	MA0494.1	0.69026	0.244988	0.825425	0.81817	0.0304808	10
FOSL1::JUNB	MA1137.1	0.686441	0.246184	0.83999	0.829816	0.0480552	10
NR4A2	MA0160.1	0.682957	0.247286	0.93006	0.922262	0.0355533	10
Ddit3::Cebpa	MA0019.1	0.680968	0.247917	0.865472	0.856989	0.0376905	10
KLF14	MA0740.1	0.680583	0.248046	0.843759	0.832469	0.0416347	10
IRF2	MA0051.1	0.678568	0.248656	0.791067	0.782123	0.0535104	10
HEY2	MA0649.1	0.678621	0.24867	0.849002	0.837979	0.0377436	10
FOSL2::JUN	MA1130.1	0.676184	0.249427	0.849863	0.839469	0.0512389	10
Npas2	MA0626.1	0.674923	0.249838	0.881635	0.871003	0.0429973	10
Arnt	MA0004.1	0.663774	0.253382	0.901626	0.887595	0.0714481	10
TCF4	MA0830.1	0.654602	0.256331	0.930252	0.91979	0.0508778	10
HOXC12	MA0906.1	0.653424	0.25672	0.820507	0.810603	0.0393635	10
E2F2	MA0864.1	0.651008	0.257487	0.724362	0.715794	0.0434088	10
ZNF24	MA1124.1	0.650241	0.257724	0.764498	0.751675	0.0756658	10
Dlx2	MA0885.1	0.649219	0.258078	0.921976	0.908435	0.0516174	10
RFX4	MA0799.1	0.648049	0.258453	0.798871	0.790326	0.0359496	10
FOS::JUN	MA0099.3	0.642892	0.260114	0.854736	0.844868	0.050932	10
FOXK1	MA0852.2	0.640806	0.260801	0.838825	0.829011	0.0417262	10
Sox5	MA0087.1	0.635389	0.262557	0.924246	0.911351	0.0632888	10
HNF1A	MA0046.2	0.632508	0.263512	0.791683	0.779776	0.0400947	10
FOXD1	MA0031.1	0.631001	0.263996	0.889501	0.878039	0.0502309	10
MZF1	MA0056.1	0.624145	0.266258	0.990513	0.98498	0.0126105	10
OTX2	MA0712.1	0.621713	0.267036	0.916419	0.905918	0.0523565	10
FOSL1::JUN	MA1128.1	0.614579	0.269383	0.841721	0.832296	0.0517985	10
TFDP1	MA1122.1	0.60674	0.271991	0.876803	0.865421	0.0482336	10
MSX1	MA0666.1	0.603449	0.273089	0.91068	0.900312	0.0370563	10
MTF1	MA0863.1	0.596268	0.275475	0.755369	0.748248	0.0328489	10
PHOX2A	MA0713.1	0.590383	0.27746	0.83207	0.820279	0.0242389	10
SOX10	MA0442.2	0.580382	0.280795	0.89775	0.887592	0.0598925	10
FOXP2	MA0593.1	0.580177	0.280879	0.878666	0.868705	0.0423968	10
TEAD4	MA0809.1	0.578726	0.281365	0.914738	0.906816	0.0368717	10
E2F6	MA0471.1	0.565459	0.285858	0.918347	0.909597	0.0434803	10
TFE3	MA0831.2	0.56322	0.286614	0.889479	0.880644	0.0499381	10
FOS	MA0476.1	0.560534	0.287533	0.865593	0.856382	0.0484949	10
Hoxa9	MA0594.1	0.559641	0.28784	0.846078	0.838161	0.0384476	10
Hic1	MA0739.1	0.551702	0.290537	0.896137	0.88943	0.045989	10
Rarb(var.2)	MA0858.1	0.550305	0.291026	0.734276	0.727266	0.0412461	10
CTCFL	MA1102.1	0.547634	0.291952	0.825821	0.815701	0.0481686	10
HIC2	MA0738.1	0.543464	0.293364	0.933742	0.927584	0.0443006	10
RXRA::VDR	MA0074.1	0.540583	0.294374	0.785652	0.779408	0.0334874	10
ELK1	MA0028.2	0.538623	0.295059	0.832271	0.823048	0.0367222	10
TWIST1	MA1123.1	0.528906	0.298422	0.858417	0.850544	0.0311113	10
GBX2	MA0890.1	0.525914	0.29946	0.885956	0.876102	0.0400991	10
VSX1	MA0725.1	0.517963	0.302229	0.897624	0.887285	0.0410037	10
SP8	MA0747.1	0.516617	0.302694	0.892964	0.885494	0.0356626	10
MEIS1	MA0498.2	0.51118	0.304598	0.963735	0.957114	0.0285805	10
FOSL1	MA0477.1	0.509799	0.305045	0.859345	0.851326	0.0710355	10
Pou5f1::Sox2	MA0142.1	0.508284	0.30562	0.793562	0.786097	0.0211061	10
FIGLA	MA0820.1	0.500651	0.308284	0.901456	0.894574	0.0416071	10
ELF4	MA0641.1	0.497011	0.309575	0.8063	0.798956	0.0349765	10
TBX15	MA0803.1	0.488615	0.312542	0.879852	0.871574	0.0398041	10
MAX::MYC	MA0059.1	0.483905	0.314198	0.830189	0.823262	0.0479931	10
Hmx3	MA0898.1	0.478426	0.316151	0.777185	0.770067	0.0443266	10
Hmx2	MA0897.1	0.468941	0.319539	0.778765	0.771815	0.0380218	10
HINFP	MA0131.2	0.463746	0.321406	0.841363	0.833703	0.0272477	10
EN2	MA0642.1	0.46235	0.321909	0.898799	0.892906	0.0170011	10
IRF4	MA1419.1	0.460695	0.32249	0.733798	0.727626	0.0367684	10
CEBPA	MA0102.3	0.458122	0.323426	0.871212	0.864596	0.0208921	10
KLF13	MA0657.1	0.445922	0.327812	0.760871	0.75523	0.0299812	10
T	MA0009.2	0.445455	0.32797	0.734292	0.728696	0.0412468	10
ZBTB7A	MA0750.2	0.442106	0.329186	0.85239	0.845136	0.0470498	10
Msx3	MA0709.1	0.441116	0.329549	0.901391	0.892399	0.0505519	10
DUX4	MA0468.1	0.439797	0.330034	0.847442	0.840227	0.0264428	10
ETV5	MA0765.1	0.431379	0.333074	0.88379	0.877579	0.0452629	10
FOSL2	MA0478.1	0.425212	0.335296	0.864765	0.858003	0.0721598	10
VSX2	MA0726.1	0.421304	0.336758	0.880878	0.872273	0.0362784	10
POU4F2	MA0683.1	0.418774	0.33768	0.738978	0.731363	0.0373969	10
USF1	MA0093.2	0.417807	0.338016	0.85524	0.848885	0.0542428	10
Phox2b	MA0681.1	0.416995	0.338335	0.828754	0.820451	0.0265797	10
Dlx3	MA0880.1	0.416022	0.33868	0.921044	0.913311	0.0498697	10
TCF3	MA0522.2	0.403415	0.343304	0.925885	0.919527	0.0433288	10
SIX2	MA1119.1	0.400484	0.344383	0.773423	0.768043	0.0368418	10
PITX3	MA0714.1	0.399276	0.344817	0.900156	0.893945	0.0565793	10
mix-a	MA0621.1	0.39846	0.345136	0.833695	0.823904	0.0477202	10
EGR3	MA0732.1	0.395619	0.346185	0.802079	0.79503	0.0314571	10
TBX21	MA0690.1	0.391726	0.347606	0.838696	0.833105	0.04901	10
ELF1	MA0473.2	0.390298	0.348142	0.805355	0.799534	0.0408616	10
Ahr::Arnt	MA0006.1	0.385463	0.349934	0.945281	0.938736	0.0410577	10
GSC	MA0648.1	0.377777	0.35279	0.87964	0.873837	0.0279385	10
JUNB	MA0490.1	0.376932	0.353078	0.859329	0.853326	0.0656847	10
HNF1B	MA0153.2	0.375139	0.353772	0.775959	0.768871	0.0291653	10
Atf3	MA0605.1	0.371952	0.354946	0.866643	0.861054	0.0444746	10
JUND	MA0491.1	0.36724	0.356687	0.851527	0.845761	0.0643136	10
EGR1	MA0162.3	0.366561	0.356961	0.780409	0.774292	0.0385304	10
Tcf21	MA0832.1	0.365988	0.357162	0.77114	0.76578	0.0522128	10
ELK3	MA0759.1	0.365221	0.35746	0.850263	0.844602	0.03843	10
OTX1	MA0711.1	0.362787	0.35836	0.907193	0.901144	0.0557748	10
RREB1	MA0073.1	0.358709	0.359878	0.823428	0.818434	0.0538692	10
Hoxc9	MA0485.1	0.353553	0.361824	0.821226	0.816095	0.0367414	10
BACH2	MA1101.1	0.34616	0.364587	0.79391	0.788797	0.0530705	10
NEUROD1	MA1109.1	0.33764	0.367804	0.856517	0.851774	0.0358524	10
FOXO3	MA0157.2	0.331511	0.370117	0.871638	0.865636	0.0460388	10
Spz1	MA0111.1	0.329493	0.370873	0.889225	0.886225	0.0289109	10
DLX6	MA0882.1	0.328268	0.371342	0.918429	0.912442	0.0473792	10
Dlx4	MA0881.1	0.326983	0.371826	0.918836	0.91298	0.0486501	10
SRF	MA0083.3	0.322396	0.373565	0.719693	0.715119	0.033526	10
IRF8	MA0652.1	0.321172	0.374029	0.748163	0.743701	0.0331388	10
E2F7	MA0758.1	0.315525	0.376171	0.723267	0.718737	0.0333123	10
MEOX2	MA0706.1	0.31492	0.376397	0.88564	0.880536	0.0444121	10
LHX9	MA0701.1	0.308715	0.378764	0.923158	0.918217	0.0249531	10
SCRT2	MA0744.1	0.304775	0.380245	0.788865	0.784626	0.0522875	10
LEF1	MA0768.1	0.30437	0.380413	0.78285	0.77852	0.0326936	10
Nfe2l2	MA0150.2	0.30293	0.380953	0.777461	0.773443	0.0437653	10
HESX1	MA0894.1	0.298564	0.382623	0.879009	0.873251	0.0524288	10
HOXB3	MA0903.1	0.296245	0.383507	0.91785	0.913208	0.0455907	10
ASCL1	MA1100.1	0.290482	0.385712	0.858498	0.853709	0.0435929	10
Pax6	MA0069.1	0.289378	0.38612	0.796061	0.792785	0.0457791	10
TGIF2	MA0797.1	0.281663	0.389083	0.766976	0.762839	0.0495144	10
Hoxd3	MA0912.1	0.272813	0.392488	0.824032	0.820051	0.0358712	10
Lhx3	MA0135.1	0.270089	0.393541	0.831285	0.826096	0.0285715	10
E2F4	MA0470.1	0.269616	0.393713	0.888293	0.883313	0.057475	10
TBX1	MA0805.1	0.268232	0.394252	0.875999	0.871429	0.0377454	10
PBX1	MA0070.1	0.256801	0.398657	0.822238	0.818479	0.0357928	10
MNX1	MA0707.1	0.252091	0.400476	0.902778	0.898661	0.0397771	10
VAX1	MA0722.1	0.241953	0.4044	0.903796	0.899685	0.0411061	10
VAX2	MA0723.1	0.240675	0.404896	0.900559	0.896548	0.0381449	10
ZNF410	MA0752.1	0.23929	0.405435	0.713641	0.710379	0.0259376	10
MIXL1	MA0662.1	0.238513	0.405734	0.90357	0.899499	0.0377503	10
EVX1	MA0887.1	0.238503	0.405739	0.894759	0.891353	0.0287174	10
NR3C1	MA0113.3	0.238315	0.405808	0.75622	0.752987	0.0367747	10
IRF7	MA0772.1	0.237835	0.405999	0.799357	0.795775	0.0259917	10
GSX2	MA0893.1	0.233007	0.40787	0.894134	0.890394	0.0372839	10
SHOX	MA0630.1	0.231046	0.408633	0.910408	0.905998	0.0410629	10
Gabpa	MA0062.2	0.219555	0.4131	0.859966	0.856425	0.043098	10
Mecom	MA0029.1	0.218593	0.41347	0.792115	0.788723	0.0512124	10
TBR1	MA0802.1	0.215825	0.414548	0.839097	0.836001	0.0492548	10
Bhlha15	MA0607.1	0.2115	0.416243	0.893004	0.889661	0.0301222	10
VENTX	MA0724.1	0.208857	0.417268	0.867068	0.863552	0.0519063	10
Crx	MA0467.1	0.203049	0.419534	0.850538	0.847864	0.0462785	10
Gfi1	MA0038.1	0.202811	0.419633	0.902845	0.900098	0.0366137	10
RFX3	MA0798.1	0.195675	0.422423	0.773253	0.770608	0.038458	10
STAT1	MA0137.3	0.195526	0.422483	0.859892	0.856896	0.037155	10
ALX3	MA0634.1	0.189349	0.424904	0.878269	0.874948	0.038529	10
ETV4	MA0764.1	0.187111	0.425778	0.866171	0.863612	0.0380078	10
RAX	MA0718.1	0.179159	0.428901	0.886133	0.88291	0.0377376	10
EMX2	MA0886.1	0.17624	0.430049	0.871285	0.868206	0.0321937	10
NFKB1	MA0105.4	0.176004	0.430135	0.754878	0.751965	0.053323	10
TEAD3	MA0808.1	0.174341	0.43079	0.90748	0.904781	0.0465617	10
BARX1	MA0875.1	0.174034	0.430913	0.9266	0.923735	0.0406125	10
TAL1::TCF3	MA0091.1	0.171147	0.43204	0.843957	0.841625	0.0519462	10
SIX1	MA1118.1	0.169522	0.432689	0.822906	0.820464	0.0251949	10
SPI1	MA0080.4	0.168996	0.432884	0.772368	0.769928	0.0594608	10
CEBPD	MA0836.1	0.165509	0.434268	0.839283	0.836955	0.0259353	10
ESX1	MA0644.1	0.165055	0.434443	0.887957	0.885229	0.0447362	10
Rarg(var.2)	MA0860.1	0.165026	0.434454	0.727322	0.725012	0.0393436	10
GSC2	MA0891.1	0.164267	0.434754	0.889075	0.886832	0.0329966	10
TBX2	MA0688.1	0.156544	0.437793	0.851948	0.849951	0.0406313	10
MAF::NFE2	MA0501.1	0.155405	0.438238	0.776017	0.773929	0.050791	10
GLIS2	MA0736.1	0.154035	0.438782	0.804827	0.802793	0.0423898	10
PBX3	MA1114.1	0.143748	0.44284	0.786085	0.783991	0.0499949	10
PBX2	MA1113.1	0.137413	0.445348	0.819825	0.817737	0.0356913	10
RFX5	MA0510.2	0.134857	0.446358	0.735615	0.733618	0.0320733	10
LMX1B	MA0703.1	0.132343	0.447354	0.904128	0.901656	0.0319374	10
BARHL2	MA0635.1	0.132065	0.447462	0.899262	0.897496	0.0288865	10
Arx	MA0874.1	0.123852	0.450715	0.773135	0.771168	0.0190804	10
Shox2	MA0720.1	0.123353	0.45091	0.901439	0.899017	0.040074	10
MSX2	MA0708.1	0.123338	0.450915	0.885383	0.883033	0.0482548	10
EOMES	MA0800.1	0.122379	0.451291	0.819548	0.817896	0.0449461	10
EN1	MA0027.2	0.114257	0.454515	0.907769	0.905855	0.02743	10
FOXP1	MA0481.2	0.110387	0.456047	0.84896	0.847106	0.0419752	10
REST	MA0138.2	0.109953	0.45621	0.710219	0.708879	0.0571316	10
Sox6	MA0515.1	0.100182	0.460095	0.896731	0.895321	0.0388569	10
Rhox11	MA0629.1	0.0992504	0.460465	0.822079	0.820899	0.0344845	10
ZNF282	MA1154.1	0.0990611	0.460538	0.763097	0.761944	0.0405547	10
MEIS3	MA0775.1	0.0989005	0.460605	0.918715	0.91735	0.0347825	10
UNCX	MA0721.1	0.0975697	0.461134	0.902767	0.90094	0.0395638	10
PAX4	MA0068.2	0.0913172	0.463617	0.862608	0.860999	0.0404259	10
EHF	MA0598.2	0.0878731	0.464985	0.804266	0.803042	0.0363681	10
FOXH1	MA0479.1	0.0854452	0.465952	0.858064	0.85673	0.0237813	10
Tcf7	MA0769.1	0.084562	0.466304	0.794363	0.793094	0.0190969	10
GMEB2	MA0862.1	0.0818255	0.467391	0.839979	0.838761	0.0256876	10
ISX	MA0654.1	0.0815234	0.46751	0.891971	0.890215	0.0504801	10
NR3C2	MA0727.1	0.0792372	0.468417	0.750225	0.749144	0.0438091	10
MAFG::NFE2L1	MA0089.1	0.0790959	0.468474	0.96536	0.964363	0.0392179	10
NKX2-8	MA0673.1	0.0790241	0.468503	0.923016	0.922188	0.0311645	10
JUN::JUNB	MA1132.1	0.0754013	0.469944	0.849097	0.848035	0.042626	10
PRRX1	MA0716.1	0.0734364	0.470727	0.900266	0.898831	0.0425119	10
YY1	MA0095.2	0.0678831	0.472937	0.828246	0.827146	0.0369295	10
SPIC	MA0687.1	0.0671789	0.473214	0.830846	0.830007	0.0499518	10
ELK4	MA0076.2	0.0577337	0.476978	0.869736	0.868852	0.0429439	10
RFX2	MA0600.2	0.0551224	0.478018	0.741533	0.740727	0.0353084	10
Hoxd8	MA0910.1	0.0537721	0.478557	0.771073	0.770081	0.0337216	10
TCF7L1	MA1421.1	0.0431631	0.482785	0.800755	0.800135	0.0247613	10
Prrx2	MA0075.2	0.0378327	0.484909	0.905958	0.905281	0.0453113	10
Gata4	MA0482.1	0.0360082	0.485636	0.87925	0.87877	0.0445847	10
PPARA::RXRA	MA1148.1	0.0344613	0.486252	0.781618	0.78125	0.0394983	10
ESR1	MA0112.3	0.0340927	0.486399	0.741164	0.740716	0.0431523	10
CEBPE	MA0837.1	0.0337024	0.486556	0.852127	0.851675	0.0271936	10
CENPB	MA0637.1	0.0331286	0.486785	0.799507	0.799152	0.0263082	10
ETV1	MA0761.1	0.0285004	0.48863	0.858032	0.857621	0.0432484	10
HOXB2	MA0902.1	0.0265994	0.489388	0.913874	0.913471	0.0434178	10
Dmbx1	MA0883.1	0.0232521	0.490724	0.818028	0.817712	0.0278909	10
GBX1	MA0889.1	0.0218531	0.491282	0.858136	0.85775	0.0348414	10
LMX1A	MA0702.1	0.0216657	0.491357	0.864054	0.8636	0.0341628	10
CEBPB	MA0466.2	0.0145593	0.494191	0.844089	0.843887	0.0290926	10
LBX2	MA0699.1	0.0115485	0.495393	0.88386	0.883676	0.0355767	10
SOX9	MA0077.1	0.0101725	0.495941	0.876933	0.876787	0.0441585	10
CEBPG	MA0838.1	0.00799621	0.49681	0.807275	0.807158	0.036671	10
ERF	MA0760.1	0.00560162	0.497765	0.848833	0.848754	0.0313223	10
DMRT3	MA0610.1	-0.00599969	0.502394	0.828492	0.828599	0.0411782	10
SMAD3	MA0795.1	-0.0105503	0.504209	0.782759	0.782912	0.0401453	10
TFAP2B(var.3)	MA0813.1	-0.0132839	0.5053	0.834462	0.834683	0.0411358	10
LHX6	MA0658.1	-0.0250618	0.509998	0.846197	0.846625	0.0423742	10
PAX9	MA0781.1	-0.0261424	0.510429	0.742365	0.742656	0.0265087	10
RXRB	MA0855.1	-0.0288238	0.511498	0.745824	0.746221	0.0327586	10
FEV	MA0156.2	-0.0342022	0.513643	0.857979	0.858473	0.0364918	10
NOTO	MA0710.1	-0.0438025	0.51747	0.890393	0.891091	0.028307	10
Esrra	MA0592.2	-0.048368	0.519291	0.790883	0.791625	0.0408694	10
NR4A2::RXRA	MA1147.1	-0.0489117	0.519507	0.793109	0.793645	0.0237946	10
MYBL1	MA0776.1	-0.053827	0.521466	0.768834	0.769557	0.0368597	10
Nkx2-5	MA0063.1	-0.0556167	0.52218	0.946985	0.947712	0.0423659	10
HOXC13	MA0907.1	-0.0592391	0.523621	0.81578	0.816701	0.0303486	10
PROX1	MA0794.1	-0.0616226	0.524571	0.784062	0.784859	0.0360742	10
GLI2	MA0734.1	-0.0627719	0.525029	0.797769	0.79862	0.0371381	10
TBX5	MA0807.1	-0.0662337	0.526406	0.901665	0.902559	0.0278729	10
Hoxb5	MA0904.1	-0.0679266	0.52708	0.782375	0.783438	0.0355277	10
MYB	MA0100.3	-0.068722	0.527398	0.890377	0.891633	0.0529841	10
SREBF2	MA0596.1	-0.068783	0.527425	0.864348	0.865335	0.058039	10
ELF3	MA0640.1	-0.070478	0.528096	0.788932	0.789878	0.0350864	10
SOX13	MA1120.1	-0.0719421	0.528679	0.866167	0.86741	0.0482685	10
FLI1	MA0475.2	-0.0726317	0.528952	0.846585	0.847667	0.0294645	10
NFIL3	MA0025.1	-0.0865037	0.534471	0.826533	0.828104	0.0516983	10
Lhx4	MA0704.1	-0.0940711	0.537476	0.892152	0.893745	0.0320628	10
EGR4	MA0733.1	-0.102455	0.540807	0.793223	0.794674	0.0374742	10
RAX2	MA0717.1	-0.105111	0.54186	0.900575	0.902488	0.0412727	10
Hmx1	MA0896.1	-0.107977	0.543	0.788974	0.790438	0.0454972	10
SPIB	MA0081.1	-0.10892	0.543373	0.963837	0.96503	0.0327843	10
NKX6-2	MA0675.1	-0.111545	0.544412	0.913222	0.915201	0.0389023	10
EVX2	MA0888.1	-0.114217	0.54547	0.886804	0.88846	0.029866	10
ELF5	MA0136.2	-0.117456	0.54676	0.881561	0.882938	0.0436175	10
HOXA2	MA0900.1	-0.125476	0.549932	0.898596	0.900316	0.0363825	10
NFYA	MA0060.3	-0.129958	0.551706	0.842012	0.8443	0.0458164	10
Rxra	MA0512.2	-0.132348	0.55265	0.747537	0.749353	0.0340553	10
STAT3	MA0144.2	-0.13787	0.554834	0.883798	0.885637	0.0323329	10
MGA	MA0801.1	-0.143489	0.557053	0.889253	0.89147	0.0357752	10
DUXA	MA0884.1	-0.15814	0.562834	0.819616	0.822207	0.0444507	10
MEOX1	MA0661.1	-0.161151	0.564017	0.870862	0.873514	0.0315205	10
Alx1	MA0854.1	-0.161616	0.564199	0.780687	0.783389	0.0258287	10
Bach1::Mafk	MA0591.1	-0.16164	0.564219	0.787476	0.789502	0.0481189	10
Crem	MA0609.1	-0.180936	0.571795	0.805294	0.808427	0.0293483	10
Nobox	MA0125.1	-0.180955	0.571806	0.894708	0.897791	0.0453357	10
PDX1	MA0132.2	-0.186213	0.573867	0.907546	0.911177	0.0437243	10
KLF9	MA1107.1	-0.197853	0.578426	0.83908	0.842275	0.0348185	10
CLOCK	MA0819.1	-0.200799	0.579578	0.833038	0.835754	0.0296916	10
ETV6	MA0645.1	-0.205797	0.581533	0.866411	0.869437	0.0374244	10
GLIS1	MA0735.1	-0.208364	0.582546	0.716566	0.719293	0.051693	10
RXRG	MA0856.1	-0.209213	0.582866	0.753606	0.756432	0.0312506	10
VDR	MA0693.2	-0.221511	0.587662	0.911424	0.914729	0.0402338	10
HNF4G	MA0484.1	-0.223604	0.58848	0.843744	0.846372	0.0367502	10
GCM2	MA0767.1	-0.223961	0.588619	0.852591	0.855305	0.0389105	10
Gata1	MA0035.3	-0.228353	0.590327	0.847262	0.850793	0.0481101	10
NFYB	MA0502.1	-0.230012	0.59097	0.815148	0.818864	0.0457543	10
PKNOX2	MA0783.1	-0.243721	0.596291	0.752941	0.756663	0.0489881	10
Atoh1	MA0461.2	-0.247678	0.597813	0.851569	0.855069	0.0218627	10
NHLH1	MA0048.2	-0.261417	0.603123	0.84692	0.851042	0.037169	10
ISL2	MA0914.1	-0.26766	0.605537	0.89913	0.902876	0.0474415	10
TEF	MA0843.1	-0.272489	0.607386	0.80165	0.806223	0.0396326	10
POU6F1	MA0628.1	-0.272728	0.607477	0.81998	0.825825	0.0476055	10
TFAP2C(var.3)	MA0815.1	-0.277358	0.609258	0.822994	0.827827	0.0452524	10
BATF::JUN	MA0462.1	-0.284673	0.612066	0.851989	0.856229	0.0418196	10
ETV3	MA0763.1	-0.287653	0.613209	0.849229	0.853083	0.0400458	10
GSX1	MA0892.1	-0.296086	0.616426	0.896756	0.900909	0.0284185	10
HLF	MA0043.2	-0.309549	0.621563	0.838299	0.842963	0.0434651	10
DBP	MA0639.1	-0.314624	0.623491	0.811909	0.817255	0.0474198	10
ERG	MA0474.2	-0.324565	0.627256	0.862234	0.866745	0.0332086	10
ETS1	MA0098.3	-0.32566	0.627672	0.859758	0.864365	0.0371641	10
YY2	MA0748.1	-0.326409	0.627961	0.822228	0.826637	0.0432082	10
CREB3	MA0638.1	-0.338346	0.632453	0.776423	0.78083	0.014293	10
RARA(var.2)	MA0730.1	-0.338499	0.63254	0.729986	0.734131	0.0529501	10
FOS::JUN(var.2)	MA1126.1	-0.343037	0.634225	0.77051	0.775282	0.0313231	10
KLF4	MA0039.3	-0.348156	0.636152	0.864705	0.870213	0.0410566	10
GLIS3	MA0737.1	-0.365561	0.642682	0.756913	0.761352	0.0464644	10
REL	MA0101.1	-0.377827	0.647246	0.889129	0.893731	0.0432178	10
MYBL2	MA0777.1	-0.386399	0.650407	0.731008	0.735854	0.0203479	10
TBX19	MA0804.1	-0.389001	0.651387	0.706685	0.711436	0.0418007	10
Alx4	MA0853.1	-0.411315	0.659585	0.771781	0.778336	0.0213012	10
GATA2	MA0036.3	-0.41431	0.660696	0.85403	0.861376	0.0525743	10
Stat5a::Stat5b	MA0519.1	-0.414449	0.660737	0.870912	0.876657	0.0259659	10
EGR2	MA0472.2	-0.417773	0.66196	0.815977	0.822415	0.0404772	10
MYF6	MA0667.1	-0.42381	0.664171	0.815519	0.821937	0.047809	10
BSX	MA0876.1	-0.427071	0.665349	0.920096	0.926768	0.0359373	10
JUNB(var.2)	MA1140.1	-0.454106	0.675134	0.791485	0.799083	0.0323433	10
NKX6-1	MA0674.1	-0.458092	0.676576	0.898022	0.906189	0.0492151	10
NEUROG2	MA0669.1	-0.461703	0.677864	0.817882	0.824601	0.0290509	10
Bcl6	MA0463.1	-0.483555	0.685664	0.815844	0.822224	0.030742	10
PKNOX1	MA0782.1	-0.483862	0.685784	0.744419	0.752069	0.0502556	10
HOXA5	MA0158.1	-0.485148	0.686234	0.942521	0.947713	0.0291153	10
LHX2	MA0700.1	-0.488995	0.687587	0.852057	0.860424	0.0303373	10
ZIC4	MA0751.1	-0.489631	0.68782	0.814061	0.820361	0.0330676	10
Hnf4a	MA0114.3	-0.490303	0.688059	0.737881	0.744142	0.0338301	10
PRDM1	MA0508.2	-0.491348	0.688451	0.846299	0.854546	0.0681541	10
NKX2-3	MA0672.1	-0.494509	0.689544	0.886379	0.892727	0.0319123	10
JUN::JUNB(var.2)	MA1133.1	-0.505496	0.693405	0.790182	0.798026	0.0272477	10
ZNF740	MA0753.1	-0.514711	0.696641	0.849274	0.858084	0.0432331	10
NFKB2	MA0778.1	-0.516816	0.69739	0.776337	0.784916	0.0586064	10
EMX1	MA0612.1	-0.518824	0.698073	0.873144	0.881768	0.0375656	10
GATA6	MA1104.1	-0.522334	0.699303	0.835796	0.844189	0.0454658	10
BHLHE23	MA0817.1	-0.52478	0.700141	0.789471	0.797986	0.0254912	10
TFAP2A(var.3)	MA0872.1	-0.541555	0.705955	0.813185	0.822845	0.0427444	10
TCF7L2	MA0523.1	-0.541665	0.705988	0.837312	0.844542	0.0269531	10
POU6F2	MA0793.1	-0.554177	0.710277	0.834789	0.84461	0.0194444	10
PAX1	MA0779.1	-0.554652	0.710451	0.760112	0.765737	0.0241692	10
IRF5	MA1420.1	-0.557552	0.711438	0.763427	0.77007	0.0246865	10
TGIF1	MA0796.1	-0.564747	0.713902	0.722883	0.731952	0.0471839	10
FOSB::JUN	MA1127.1	-0.564957	0.713965	0.774402	0.78378	0.0378856	10
TBX20	MA0689.1	-0.577778	0.718316	0.824141	0.831802	0.0365143	10
ZIC3	MA0697.1	-0.578498	0.718555	0.792576	0.800417	0.034147	10
Nr2f6	MA0677.1	-0.58109	0.71943	0.761967	0.769621	0.0336894	10
XBP1	MA0844.1	-0.583352	0.720195	0.768194	0.775563	0.0355943	10
TFAP2C(var.2)	MA0814.1	-0.585928	0.721063	0.872655	0.881021	0.0412773	10
RUNX1	MA0002.2	-0.603401	0.726892	0.869971	0.877412	0.0234561	10
HMBOX1	MA0895.1	-0.606243	0.727839	0.856154	0.864855	0.0313531	10
Neurog1	MA0623.1	-0.608142	0.728468	0.871899	0.878424	0.0224319	10
NR1H2::RXRA	MA0115.1	-0.615863	0.731025	0.69333	0.701457	0.0308038	10
INSM1	MA0155.1	-0.616146	0.731112	0.866393	0.873806	0.0207221	10
TBX4	MA0806.1	-0.655415	0.743918	0.886368	0.895913	0.0335553	10
Atf1	MA0604.1	-0.664309	0.746777	0.850367	0.861303	0.0438582	10
RUNX2	MA0511.2	-0.6695	0.74843	0.847828	0.857211	0.0323888	10
SCRT1	MA0743.1	-0.671616	0.749112	0.768349	0.777389	0.0382865	10
ZEB1	MA0103.3	-0.678232	0.751218	0.892695	0.904537	0.0539516	10
Twist2	MA0633.1	-0.688099	0.754326	0.833055	0.845242	0.0443903	10
Dux	MA0611.1	-0.708752	0.760785	0.871584	0.88607	0.0551374	10
JUN	MA0488.1	-0.716748	0.763262	0.815589	0.826326	0.0424195	10
LBX1	MA0618.1	-0.72624	0.766163	0.875131	0.887824	0.0244139	10
HSF4	MA0771.1	-0.729764	0.767272	0.799415	0.809821	0.0494091	10
ATF7	MA0834.1	-0.734146	0.768588	0.7442	0.756604	0.0375444	10
ZIC1	MA0696.1	-0.734183	0.768607	0.778672	0.78905	0.0384623	10
CREB1	MA0018.3	-0.75886	0.776052	0.791539	0.805546	0.0431239	10
HSF2	MA0770.1	-0.774138	0.780592	0.772852	0.784852	0.0323925	10
FOSL2::JUNB(var.2)	MA1139.1	-0.783464	0.783333	0.766289	0.779687	0.025058	10
HLTF	MA0109.1	-0.799572	0.788035	0.956285	0.960475	0.00992689	10
TEAD2	MA1121.1	-0.812006	0.791641	0.82323	0.835124	0.0469699	10
Gmeb1	MA0615.1	-0.841248	0.799919	0.822431	0.832942	0.0311311	10
FOSL1::JUN(var.2)	MA1129.1	-0.845068	0.800974	0.781859	0.79571	0.0250062	10
ETV2	MA0762.1	-0.85349	0.803351	0.814636	0.826361	0.0499206	10
Klf1	MA0493.1	-0.863301	0.806025	0.871528	0.883906	0.0221132	10
JDP2(var.2)	MA0656.1	-0.869359	0.807687	0.753197	0.768125	0.0289793	10
BHLHE22	MA0818.1	-0.872558	0.808559	0.813422	0.826834	0.0240952	10
Lhx8	MA0705.1	-0.878815	0.810272	0.885572	0.900203	0.0413579	10
HSF1	MA0486.2	-0.890458	0.813417	0.75741	0.771586	0.043006	10
ATF4	MA0833.1	-0.891102	0.813592	0.789795	0.801645	0.0378893	10
RUNX3	MA0684.1	-0.922375	0.821857	0.837508	0.850032	0.0334784	10
ZNF263	MA0528.1	-0.935686	0.825294	0.831629	0.844266	0.0215614	10
RBPJ	MA1116.1	-0.947791	0.828429	0.904147	0.921821	0.0683365	10
EWSR1-FLI1	MA0149.1	-0.960723	0.831668	0.69754	0.713961	0.0305366	10
Stat4	MA0518.1	-0.980258	0.836548	0.847025	0.860454	0.037279	10
SREBF1	MA0595.1	-0.981417	0.83685	0.866962	0.880349	0.0479665	10
THAP1	MA0597.1	-0.983298	0.8373	0.926844	0.935132	0.0241223	10
SNAI2	MA0745.1	-0.996356	0.840505	0.912103	0.926893	0.05254	10
MEIS2	MA0774.1	-0.998838	0.841087	0.877027	0.892716	0.0388232	10
ZBTB7C	MA0695.1	-1.02382	0.847054	0.828773	0.841393	0.0214013	10
PPARG	MA0066.1	-1.04997	0.85318	0.751299	0.761729	0.0363631	10
ZBTB7B	MA0694.1	-1.07595	0.859038	0.802163	0.816841	0.0237403	10
Pparg::Rxra	MA0065.2	-1.14038	0.872972	0.81833	0.83077	0.0352511	10
NR2C2	MA0504.1	-1.16991	0.879	0.827477	0.840424	0.0248625	10
FOSL2::JUND(var.2)	MA1145.1	-1.17212	0.879445	0.765611	0.784091	0.0355486	10
TFAP2B	MA0811.1	-1.17737	0.880494	0.857173	0.873404	0.0292371	10
OLIG1	MA0826.1	-1.18715	0.882425	0.791329	0.810393	0.0232574	10
JUND(var.2)	MA0492.1	-1.19982	0.88491	0.808251	0.826002	0.0295637	10
PLAG1	MA0163.1	-1.21671	0.888155	0.801973	0.819627	0.02534	10
TFAP2C	MA0524.2	-1.23984	0.892498	0.852567	0.869615	0.0262629	10
Znf423	MA0116.1	-1.2546	0.895211	0.831418	0.847088	0.0319466	10
TFAP2B(var.2)	MA0812.1	-1.26209	0.896566	0.854736	0.873829	0.0405386	10
Creb5	MA0840.1	-1.26859	0.897718	0.765869	0.787689	0.0285985	10
FOSL2::JUN(var.2)	MA1131.1	-1.31991	0.906578	0.78575	0.80705	0.0238395	10
NEUROD2	MA0668.1	-1.33595	0.909239	0.858996	0.87403	0.0280655	10
OLIG2	MA0678.1	-1.34569	0.910815	0.807509	0.827787	0.0330174	10
RARA::RXRG	MA1149.1	-1.35023	0.911545	0.793753	0.808891	0.0242902	10
TFAP2A	MA0003.3	-1.4042	0.919892	0.872545	0.892261	0.0369798	10
OLIG3	MA0827.1	-1.44248	0.92543	0.830451	0.850208	0.027165	10
RARA::RXRA	MA0159.1	-1.485	0.931238	0.800543	0.815585	0.0169354	10
NKX3-2	MA0122.2	-1.49129	0.932078	0.857806	0.879097	0.0365269	10
Nr2e3	MA0164.1	-1.49803	0.932943	0.840666	0.870165	0.0212608	10
FOSB::JUNB(var.2)	MA1136.1	-1.55277	0.93977	0.784011	0.8087	0.0256283	10
TFAP2A(var.2)	MA0810.1	-1.57367	0.942231	0.86585	0.888034	0.0296823	10
ZNF354C	MA0130.1	-1.77188	0.961823	0.968488	0.982218	0.0293695	10
Nkx3-1	MA0124.2	-1.87518	0.96963	0.84134	0.868249	0.0371084	10
FOSL1::JUND(var.2)	MA1143.1	-2.63164	0.995753	0.798311	0.836776	0.0277973	10