TF_NAME	MATRIX_ID	Z_SCORE	P_VALUE	SAMPLE_AVERAGE	BACKGROUND_AVERAGE	SAMPLE_DEVSTD	SAMPLE_SIZE
TBX15	MA0803.1	2.39733	0.00825668	1	0.871574	1	1
TBX1	MA0805.1	2.38634	0.00850758	1	0.871429	1	1
SCRT2	MA0744.1	2.33833	0.0096841	0.887455	0.784626	0.887455	1
TBX5	MA0807.1	2.28247	0.0112298	1	0.902559	1	1
Hoxa11	MA0911.1	2.27822	0.0113557	0.932573	0.831248	0.932573	1
TBX4	MA0806.1	2.26036	0.0118985	1	0.895913	1	1
SCRT1	MA0743.1	2.23059	0.012853	0.872324	0.777389	0.872324	1
MGA	MA0801.1	2.22115	0.0131692	1	0.89147	1	1
MZF1(var.2)	MA0057.1	2.21325	0.013439	1	0.927773	1	1
Hmx2	MA0897.1	1.98149	0.0237665	0.864672	0.771815	0.864672	1
Hmx3	MA0898.1	1.92444	0.0271477	0.8606	0.770067	0.8606	1
HOXC11	MA0651.1	1.85211	0.0320031	0.917046	0.827196	0.917046	1
HOXC12	MA0906.1	1.81953	0.0344135	0.89781	0.810603	0.89781	1
Nr5a2	MA0505.1	1.78624	0.0370278	0.887943	0.808845	0.887943	1
EN2	MA0642.1	1.76422	0.0388453	0.964016	0.892906	0.964016	1
SMAD2::SMAD3::SMAD4	MA0513.1	1.72775	0.042014	0.905834	0.833321	0.905834	1
Pparg::Rxra	MA0065.2	1.72233	0.0425023	0.890175	0.83077	0.890175	1
Hmx1	MA0896.1	1.67088	0.04737	0.86205	0.790438	0.86205	1
TFAP4	MA0691.1	1.66972	0.0474849	0.912831	0.828578	0.912831	1
ISL2	MA0914.1	1.66864	0.0475916	0.976722	0.902876	0.976722	1
PKNOX1	MA0782.1	1.6541	0.0490508	0.834754	0.752069	0.834754	1
PKNOX2	MA0783.1	1.64629	0.0498498	0.836163	0.756663	0.836163	1
Nr2e3	MA0164.1	1.62018	0.0525938	0.971056	0.870165	0.971056	1
Mafb	MA0117.2	1.58794	0.0561474	0.909838	0.842964	0.909838	1
MAF::NFE2	MA0501.1	1.58435	0.0565543	0.841238	0.773929	0.841238	1
POU4F1	MA0790.1	1.5469	0.0609413	0.879768	0.780954	0.879768	1
Barhl1	MA0877.1	1.54584	0.0610687	0.965195	0.90532	0.965195	1
Msx3	MA0709.1	1.51877	0.0644073	0.990292	0.892399	0.990292	1
MSX2	MA0708.1	1.5169	0.0646429	0.974425	0.883033	0.974425	1
Mecom	MA0029.1	1.51276	0.065168	0.862934	0.788723	0.862934	1
NRL	MA0842.1	1.50314	0.0663992	0.935392	0.877357	0.935392	1
HOXD12	MA0873.1	1.50056	0.0667316	0.886493	0.817025	0.886493	1
PPARA::RXRA	MA1148.1	1.4956	0.0673762	0.83178	0.78125	0.83178	1
TGIF1	MA0796.1	1.47831	0.0696597	0.807016	0.731952	0.807016	1
GBX1	MA0889.1	1.47487	0.0701202	0.940143	0.85775	0.940143	1
Nr2f6	MA0677.1	1.42056	0.0777193	0.828783	0.769621	0.828783	1
GBX2	MA0890.1	1.41946	0.0778787	0.960199	0.876102	0.960199	1
GLI2	MA0734.1	1.41886	0.0779671	0.859434	0.79862	0.859434	1
MSX1	MA0666.1	1.39458	0.0815687	0.976077	0.900312	0.976077	1
Dlx2	MA0885.1	1.38837	0.0825098	1	0.908435	1	1
TCF4	MA0830.1	1.37594	0.0844174	0.989322	0.91979	0.989322	1
Hoxa9	MA0594.1	1.37239	0.0849678	0.899546	0.838161	0.899546	1
NR4A1	MA1112.1	1.35838	0.0871686	0.929036	0.856433	0.929036	1
Gata1	MA0035.3	1.34958	0.0885724	0.916772	0.850793	0.916772	1
Dlx4	MA0881.1	1.34274	0.0896752	0.989021	0.91298	0.989021	1
Dlx3	MA0880.1	1.34149	0.089878	0.992157	0.913311	0.992157	1
Phox2b	MA0681.1	1.33113	0.0915691	0.904269	0.820451	0.904269	1
TAL1::TCF3	MA0091.1	1.3101	0.0950773	0.898059	0.841625	0.898059	1
TCF7L2	MA0523.1	1.30881	0.0952963	0.899783	0.844542	0.899783	1
TCF3	MA0522.2	1.30385	0.0961393	0.984502	0.919527	0.984502	1
BARX1	MA0875.1	1.2981	0.0971232	0.991295	0.923735	0.991295	1
PRDM1	MA0508.2	1.28152	0.100002	0.922546	0.854546	0.922546	1
HOXD11	MA0908.1	1.27919	0.100412	0.915731	0.85161	0.915731	1
FIGLA	MA0820.1	1.27302	0.101501	0.949905	0.894574	0.949905	1
Nkx2-5	MA0063.1	1.26542	0.102856	1	0.947712	1	1
ID4	MA0824.1	1.2588	0.104049	0.963978	0.902553	0.963978	1
TFAP2B(var.2)	MA0812.1	1.25781	0.104227	0.933995	0.873829	0.933995	1
TFAP2C(var.2)	MA0814.1	1.25736	0.104309	0.937785	0.881021	0.937785	1
DUXA	MA0884.1	1.25437	0.10485	0.887198	0.822207	0.887198	1
TGIF2	MA0797.1	1.23172	0.109023	0.820035	0.762839	0.820035	1
TBR1	MA0802.1	1.2224	0.110775	0.891451	0.836001	0.891451	1
HOXC10	MA0905.1	1.21291	0.112578	0.928121	0.866999	0.928121	1
RORA	MA0071.1	1.21209	0.112735	0.918365	0.859523	0.918365	1
IRF1	MA0050.2	1.21192	0.112767	0.847315	0.786113	0.847315	1
HLF	MA0043.2	1.19976	0.115113	0.900119	0.842963	0.900119	1
Pou5f1::Sox2	MA0142.1	1.19683	0.115683	0.841683	0.786097	0.841683	1
DLX6	MA0882.1	1.1956	0.115924	0.981389	0.912442	0.981389	1
LBX2	MA0699.1	1.19434	0.11617	0.943925	0.883676	0.943925	1
Dlx1	MA0879.1	1.18899	0.117218	0.964793	0.902694	0.964793	1
TEF	MA0843.1	1.17437	0.120119	0.868549	0.806223	0.868549	1
PHOX2A	MA0713.1	1.16844	0.121311	0.894073	0.820279	0.894073	1
NFIL3	MA0025.1	1.16565	0.121875	0.895061	0.828104	0.895061	1
ZNF384	MA1125.1	1.16129	0.122759	0.989005	0.880273	0.989005	1
ISX	MA0654.1	1.15731	0.123569	0.969049	0.890215	0.969049	1
Hoxb5	MA0904.1	1.15731	0.12357	0.840699	0.783438	0.840699	1
HOXA2	MA0900.1	1.15687	0.123658	0.950463	0.900316	0.950463	1
ESX1	MA0644.1	1.15629	0.123777	0.945661	0.885229	0.945661	1
RXRG	MA0856.1	1.1466	0.125769	0.805405	0.756432	0.805405	1
SNAI2	MA0745.1	1.14057	0.127022	0.980422	0.926893	0.980422	1
POU4F3	MA0791.1	1.13198	0.128817	0.829129	0.758941	0.829129	1
NKX6-2	MA0675.1	1.11655	0.132089	0.977828	0.915201	0.977828	1
ZBTB7C	MA0695.1	1.1149	0.132442	0.884849	0.841393	0.884849	1
LHX9	MA0701.1	1.09953	0.135765	0.973868	0.918217	0.973868	1
Shox2	MA0720.1	1.09856	0.135976	0.967226	0.899017	0.967226	1
DUX4	MA0468.1	1.09698	0.136321	0.897134	0.840227	0.897134	1
GATA6	MA1104.1	1.09432	0.136904	0.899791	0.844189	0.899791	1
NR2F1	MA0017.2	1.07546	0.14108	0.899357	0.844972	0.899357	1
BSX	MA0876.1	1.0754	0.141094	0.979892	0.926768	0.979892	1
MIXL1	MA0662.1	1.06669	0.143052	0.957066	0.899499	0.957066	1
TFAP2A	MA0003.3	1.05813	0.144995	0.939239	0.892261	0.939239	1
RAX2	MA0717.1	1.05362	0.146025	0.963133	0.902488	0.963133	1
ZNF282	MA1154.1	1.0452	0.147961	0.800413	0.761944	0.800413	1
Rxra	MA0512.2	1.04419	0.148196	0.794654	0.749353	0.794654	1
PRRX1	MA0716.1	1.03367	0.150643	0.962678	0.898831	0.962678	1
Prrx2	MA0075.2	1.03267	0.150875	0.963747	0.905281	0.963747	1
NKX6-1	MA0674.1	1.02543	0.152576	0.963994	0.906189	0.963994	1
RAX	MA0718.1	1.02373	0.152978	0.941151	0.88291	0.941151	1
SHOX	MA0630.1	1.02072	0.153691	0.967608	0.905998	0.967608	1
DBP	MA0639.1	1.01888	0.154126	0.871997	0.817255	0.871997	1
GATA2	MA0036.3	1.01736	0.154489	0.91841	0.861376	0.91841	1
EN1	MA0027.2	1.01608	0.154791	0.959682	0.905855	0.959682	1
Foxj2	MA0614.1	1.00746	0.156854	0.95516	0.897954	0.95516	1
GSX1	MA0892.1	1.00643	0.157102	0.945551	0.900909	0.945551	1
HESX1	MA0894.1	1.00466	0.157526	0.934515	0.873251	0.934515	1
TBX21	MA0690.1	1.00096	0.158418	0.878274	0.833105	0.878274	1
Nobox	MA0125.1	1.00059	0.15851	0.95169	0.897791	0.95169	1
Nkx3-1	MA0124.2	0.987748	0.161634	0.913067	0.868249	0.913067	1
Hoxd3	MA0912.1	0.974493	0.164902	0.865014	0.820051	0.865014	1
GATA5	MA0766.1	0.963055	0.167756	0.965171	0.917448	0.965171	1
BHLHE41	MA0636.1	0.958816	0.168822	0.852737	0.802531	0.852737	1
Hoxd9	MA0913.1	0.958279	0.168958	0.940641	0.894401	0.940641	1
LMX1B	MA0703.1	0.955603	0.169633	0.958108	0.901656	0.958108	1
GSX2	MA0893.1	0.955042	0.169775	0.93887	0.890394	0.93887	1
NKX3-2	MA0122.2	0.939379	0.173765	0.921504	0.879097	0.921504	1
EWSR1-FLI1	MA0149.1	0.936483	0.174509	0.764575	0.713961	0.764575	1
PDX1	MA0132.2	0.925649	0.177311	0.96825	0.911177	0.96825	1
PLAG1	MA0163.1	0.915028	0.180085	0.861611	0.819627	0.861611	1
Lhx8	MA0705.1	0.912272	0.180809	0.948226	0.900203	0.948226	1
FOSL2	MA0478.1	0.909371	0.181574	0.903722	0.858003	0.903722	1
RXRB	MA0855.1	0.902077	0.183504	0.785476	0.746221	0.785476	1
Neurog1	MA0623.1	0.894757	0.185455	0.908779	0.878424	0.908779	1
TBX2	MA0688.1	0.891461	0.186337	0.885916	0.849951	0.885916	1
HOXB2	MA0902.1	0.890629	0.186561	0.95618	0.913471	0.95618	1
GATA3	MA0037.3	0.888359	0.18717	0.952713	0.903668	0.952713	1
Stat6	MA0520.1	0.88313	0.188579	0.882883	0.842672	0.882883	1
RORA(var.2)	MA0072.1	0.877374	0.190138	0.841824	0.80084	0.841824	1
UNCX	MA0721.1	0.875321	0.190696	0.952769	0.90094	0.952769	1
ELF3	MA0640.1	0.873516	0.191188	0.826951	0.789878	0.826951	1
MEOX1	MA0661.1	0.86858	0.192535	0.918711	0.873514	0.918711	1
POU6F1	MA0628.1	0.867855	0.192733	0.884635	0.825825	0.884635	1
POU4F2	MA0683.1	0.861232	0.194552	0.780887	0.731363	0.780887	1
HOXB3	MA0903.1	0.85831	0.195357	0.955734	0.913208	0.955734	1
OTX1	MA0711.1	0.856795	0.195776	0.946312	0.901144	0.946312	1
HMBOX1	MA0895.1	0.852449	0.196979	0.903541	0.864855	0.903541	1
HNF1B	MA0153.2	0.851609	0.197212	0.81975	0.768871	0.81975	1
Sox3	MA0514.1	0.845267	0.198977	0.93917	0.904679	0.93917	1
EMX2	MA0886.1	0.84417	0.199284	0.914846	0.868206	0.914846	1
Arx	MA0874.1	0.842922	0.199632	0.813497	0.771168	0.813497	1
Gata4	MA0482.1	0.840489	0.200314	0.914194	0.87877	0.914194	1
Pitx1	MA0682.1	0.834523	0.20199	0.948074	0.906073	0.948074	1
EBF1	MA0154.3	0.832447	0.202575	0.835163	0.796424	0.835163	1
ALX3	MA0634.1	0.825786	0.204459	0.920746	0.874948	0.920746	1
Arid3a	MA0151.1	0.813619	0.207928	1	0.946173	1	1
MAFG::NFE2L1	MA0089.1	0.793919	0.213618	0.996016	0.964363	0.996016	1
INSM1	MA0155.1	0.790959	0.214481	0.903897	0.873806	0.903897	1
ZNF263	MA0528.1	0.790354	0.214657	0.87802	0.844266	0.87802	1
BATF::JUN	MA0462.1	0.788562	0.215181	0.893363	0.856229	0.893363	1
VAX2	MA0723.1	0.779171	0.217936	0.937606	0.896548	0.937606	1
MYBL1	MA0776.1	0.777807	0.218338	0.802572	0.769557	0.802572	1
USF1	MA0093.2	0.761683	0.223121	0.885514	0.848885	0.885514	1
LHX6	MA0658.1	0.757335	0.224421	0.88753	0.846625	0.88753	1
NOTO	MA0710.1	0.752177	0.225969	0.928989	0.891091	0.928989	1
Nr2e1	MA0676.1	0.740612	0.229461	0.907346	0.871319	0.907346	1
EOMES	MA0800.1	0.729211	0.232933	0.849023	0.817896	0.849023	1
PBX1	MA0070.1	0.72746	0.233469	0.852151	0.818479	0.852151	1
ZNF354C	MA0130.1	0.725812	0.233974	1	0.982218	1	1
Alx1	MA0854.1	0.716521	0.236832	0.821271	0.783389	0.821271	1
FOXO3	MA0157.2	0.710311	0.238752	0.906302	0.865636	0.906302	1
ZNF24	MA1124.1	0.704597	0.240527	0.795607	0.751675	0.795607	1
ONECUT3	MA0757.1	0.701434	0.241513	0.819882	0.775372	0.819882	1
Nr2f6(var.2)	MA0728.1	0.699643	0.242072	0.785377	0.749561	0.785377	1
RORC	MA1151.1	0.691938	0.244485	0.887096	0.860276	0.887096	1
PAX9	MA0781.1	0.689119	0.245371	0.766908	0.742656	0.766908	1
STAT1	MA0137.3	0.687574	0.245857	0.890207	0.856896	0.890207	1
MEF2A	MA0052.3	0.682958	0.247314	0.865146	0.819193	0.865146	1
VAX1	MA0722.1	0.675065	0.249814	0.935955	0.899685	0.935955	1
EMX1	MA0612.1	0.672361	0.250674	0.917106	0.881768	0.917106	1
GRHL2	MA1105.1	0.671756	0.250866	0.819698	0.787891	0.819698	1
FOS::JUN(var.2)	MA1126.1	0.66399	0.253345	0.804488	0.775282	0.804488	1
HSF1	MA0486.2	0.65843	0.255128	0.80473	0.771586	0.80473	1
Hoxd8	MA0910.1	0.658025	0.255258	0.80845	0.770081	0.80845	1
SOX15	MA1152.1	0.654525	0.256384	0.938952	0.908677	0.938952	1
PITX3	MA0714.1	0.653225	0.256803	0.926073	0.893945	0.926073	1
FOSL1::JUND(var.2)	MA1143.1	0.641097	0.260727	0.866406	0.836776	0.866406	1
Alx4	MA0853.1	0.640754	0.260838	0.810629	0.778336	0.810629	1
Arid3b	MA0601.1	0.63951	0.261242	0.899473	0.853936	0.899473	1
Foxq1	MA0040.1	0.63393	0.26306	0.885839	0.850809	0.885839	1
Nfe2l2	MA0150.2	0.626921	0.265352	0.799734	0.773443	0.799734	1
PAX1	MA0779.1	0.616148	0.268895	0.785497	0.765737	0.785497	1
SPIC	MA0687.1	0.614063	0.269584	0.854249	0.830007	0.854249	1
THAP1	MA0597.1	0.612974	0.269944	0.951468	0.935132	0.951468	1
LMX1A	MA0702.1	0.607916	0.271618	0.903856	0.8636	0.903856	1
Lhx4	MA0704.1	0.606302	0.272154	0.92621	0.893745	0.92621	1
TBP	MA0108.2	0.600209	0.27418	0.88042	0.853462	0.88042	1
EVX2	MA0888.1	0.594888	0.275956	0.91573	0.88846	0.91573	1
SREBF2(var.2)	MA0828.1	0.592285	0.276827	0.842042	0.8121	0.842042	1
ZBED1	MA0749.1	0.589898	0.277627	0.748286	0.7249	0.748286	1
MAFF	MA0495.2	0.584696	0.279373	0.726617	0.70258	0.726617	1
ZEB1	MA0103.3	0.581063	0.280596	0.936615	0.904537	0.936615	1
RARA::RXRG	MA1149.1	0.576339	0.28219	0.829323	0.808891	0.829323	1
ZBTB7B	MA0694.1	0.57481	0.282707	0.841636	0.816841	0.841636	1
Foxd3	MA0041.1	0.566778	0.28543	0.914452	0.884841	0.914452	1
FOXB1	MA0845.1	0.564986	0.286039	0.876057	0.843018	0.876057	1
MEF2C	MA0497.1	0.564376	0.286246	0.881295	0.850039	0.881295	1
MEOX2	MA0706.1	0.558808	0.288143	0.909175	0.880536	0.909175	1
IRF9	MA0653.1	0.552641	0.290252	0.745362	0.719987	0.745362	1
Stat4	MA0518.1	0.549983	0.291163	0.884278	0.860454	0.884278	1
FOXD1	MA0031.1	0.544127	0.293174	0.909291	0.878039	0.909291	1
LHX2	MA0700.1	0.543967	0.293229	0.889855	0.860424	0.889855	1
HNF1A	MA0046.2	0.542444	0.293754	0.812066	0.779776	0.812066	1
MZF1	MA0056.1	0.53581	0.296042	1	0.98498	1	1
POU1F1	MA0784.1	0.534103	0.296632	0.810503	0.779427	0.810503	1
OTX2	MA0712.1	0.527642	0.298871	0.934097	0.905918	0.934097	1
BACH2	MA1101.1	0.523259	0.300394	0.813233	0.788797	0.813233	1
USF2	MA0526.2	0.517703	0.30233	0.825561	0.799035	0.825561	1
BHLHE40	MA0464.2	0.513911	0.303654	0.864755	0.836981	0.864755	1
GSC2	MA0891.1	0.512394	0.304185	0.908957	0.886832	0.908957	1
NFIC::TLX1	MA0119.1	0.507588	0.305869	0.791028	0.766802	0.791028	1
HOXA10	MA0899.1	0.504207	0.307055	0.895615	0.86806	0.895615	1
RORB	MA1150.1	0.504005	0.307126	0.877534	0.856822	0.877534	1
FOXC1	MA0032.2	0.502431	0.30768	0.899972	0.871903	0.899972	1
EVX1	MA0887.1	0.502075	0.307805	0.914023	0.891353	0.914023	1
MAFK	MA0496.2	0.494183	0.310586	0.741909	0.722228	0.741909	1
PROX1	MA0794.1	0.476743	0.31677	0.804349	0.784859	0.804349	1
Tcf12	MA0521.1	0.463389	0.32154	0.911453	0.888324	0.911453	1
ZBTB33	MA0527.1	0.457235	0.323749	0.809447	0.786726	0.809447	1
Srebf1(var.2)	MA0829.1	0.455378	0.324416	0.841063	0.817923	0.841063	1
NR1H2::RXRA	MA0115.1	0.455231	0.324469	0.720452	0.701457	0.720452	1
Myog	MA0500.1	0.454626	0.324687	0.919672	0.896577	0.919672	1
RHOXF1	MA0719.1	0.448624	0.326849	0.980463	0.969985	0.980463	1
VSX1	MA0725.1	0.447529	0.327244	0.915533	0.887285	0.915533	1
ONECUT2	MA0756.1	0.440652	0.32973	0.80264	0.776332	0.80264	1
FOSB::JUN	MA1127.1	0.439607	0.330108	0.806853	0.78378	0.806853	1
ELF5	MA0136.2	0.431204	0.333158	0.898926	0.882938	0.898926	1
NFKB1	MA0105.4	0.428976	0.333968	0.774412	0.751965	0.774412	1
FOSL1	MA0477.1	0.425063	0.335393	0.872462	0.851326	0.872462	1
RARA	MA0729.1	0.423372	0.33601	0.743974	0.726214	0.743974	1
Hand1::Tcf3	MA0092.1	0.417717	0.338075	0.918978	0.9048	0.918978	1
Lhx3	MA0135.1	0.414794	0.339144	0.851295	0.826096	0.851295	1
JDP2(var.2)	MA0656.1	0.412108	0.340128	0.790502	0.768125	0.790502	1
SRY	MA0084.1	0.399637	0.34471	0.932683	0.914513	0.932683	1
ZBTB18	MA0698.1	0.392344	0.3474	0.843289	0.825515	0.843289	1
Esrra	MA0592.2	0.390915	0.347928	0.810594	0.791625	0.810594	1
NFATC3	MA0625.1	0.382405	0.351078	0.911927	0.894744	0.911927	1
OLIG3	MA0827.1	0.37533	0.353705	0.866463	0.850208	0.866463	1
SPI1	MA0080.4	0.372601	0.354721	0.786935	0.769928	0.786935	1
CLOCK	MA0819.1	0.367403	0.356657	0.851467	0.835754	0.851467	1
FOXC2	MA0846.1	0.363419	0.358144	0.886506	0.86587	0.886506	1
MLX	MA0663.1	0.363368	0.358163	0.821021	0.802846	0.821021	1
LBX1	MA0618.1	0.363035	0.358287	0.907888	0.887824	0.907888	1
Smad4	MA1153.1	0.360144	0.359368	0.909574	0.889054	0.909574	1
ATF7	MA0834.1	0.356931	0.36057	0.775674	0.756604	0.775674	1
Sox6	MA0515.1	0.356553	0.360711	0.911191	0.895321	0.911191	1
E2F3	MA0469.2	0.351072	0.362765	0.741102	0.72776	0.741102	1
Foxj3	MA0851.1	0.348987	0.363548	0.844562	0.825342	0.844562	1
POU6F2	MA0793.1	0.346587	0.364449	0.864033	0.84461	0.864033	1
POU3F3	MA0788.1	0.343638	0.365557	0.830018	0.809472	0.830018	1
Rarg	MA0859.1	0.325574	0.372372	0.757348	0.741035	0.757348	1
GSC	MA0648.1	0.321103	0.374065	0.889434	0.873837	0.889434	1
EHF	MA0598.2	0.321086	0.374071	0.817182	0.803042	0.817182	1
VSX2	MA0726.1	0.31928	0.374755	0.892894	0.872273	0.892894	1
Twist2	MA0633.1	0.316531	0.375798	0.862968	0.845242	0.862968	1
IRF7	MA0772.1	0.315315	0.376259	0.810793	0.795775	0.810793	1
Dux	MA0611.1	0.313524	0.376939	0.906332	0.88607	0.906332	1
Ddit3::Cebpa	MA0019.1	0.307492	0.379233	0.869101	0.856989	0.869101	1
KLF13	MA0657.1	0.303363	0.380805	0.767364	0.75523	0.767364	1
IRF3	MA1418.1	0.289959	0.385922	0.744337	0.732481	0.744337	1
CREB1	MA0018.3	0.286847	0.387113	0.822288	0.805546	0.822288	1
TWIST1	MA1123.1	0.278685	0.390242	0.863661	0.850544	0.863661	1
NKX2-8	MA0673.1	0.276126	0.391224	0.931336	0.922188	0.931336	1
FOSB::JUNB(var.2)	MA1136.1	0.273481	0.39224	0.82245	0.8087	0.82245	1
STAT1::STAT2	MA0517.1	0.27117	0.393129	0.829057	0.81663	0.829057	1
POU2F1	MA0785.1	0.271147	0.393137	0.841362	0.82559	0.841362	1
HSF2	MA0770.1	0.267817	0.394419	0.79798	0.784852	0.79798	1
GLIS1	MA0735.1	0.267257	0.394634	0.730352	0.719293	0.730352	1
GRHL1	MA0647.1	0.264982	0.39551	0.796622	0.783785	0.796622	1
FOXA1	MA0148.3	0.263098	0.396236	0.864906	0.852327	0.864906	1
Atf3	MA0605.1	0.255596	0.39913	0.873198	0.861054	0.873198	1
ONECUT1	MA0679.1	0.25398	0.399754	0.79295	0.777811	0.79295	1
SRF	MA0083.3	0.242918	0.404033	0.726017	0.715119	0.726017	1
Stat5a::Stat5b	MA0519.1	0.239281	0.405442	0.887146	0.876657	0.887146	1
TFCP2	MA0145.3	0.237565	0.406108	0.840585	0.830422	0.840585	1
E2F2	MA0864.1	0.236119	0.406669	0.725619	0.715794	0.725619	1
CDX1	MA0878.1	0.235403	0.406947	0.90724	0.894178	0.90724	1
GATA1::TAL1	MA0140.2	0.233095	0.407843	0.804992	0.794716	0.804992	1
Arid5a	MA0602.1	0.225452	0.410812	0.84706	0.833286	0.84706	1
Bach1::Mafk	MA0591.1	0.224795	0.411068	0.798409	0.789502	0.798409	1
MITF	MA0620.2	0.218238	0.413621	0.782253	0.772302	0.782253	1
PROP1	MA0715.1	0.213861	0.415327	0.812851	0.797876	0.812851	1
LEF1	MA0768.1	0.207738	0.417716	0.787865	0.77852	0.787865	1
ETV2	MA0762.1	0.207454	0.417826	0.835372	0.826361	0.835372	1
Nkx2-5(var.2)	MA0503.1	0.201312	0.420226	0.886919	0.879389	0.886919	1
Arntl	MA0603.1	0.200269	0.420634	0.854463	0.843934	0.854463	1
NKX2-3	MA0672.1	0.197691	0.421642	0.900751	0.892727	0.900751	1
TP53	MA0106.3	0.181621	0.427939	0.738288	0.731733	0.738288	1
MEF2D	MA0773.1	0.177393	0.429599	0.825869	0.813575	0.825869	1
NFATC1	MA0624.1	0.169956	0.432521	0.917801	0.910744	0.917801	1
MEF2B	MA0660.1	0.168535	0.43308	0.812575	0.801303	0.812575	1
NHLH1	MA0048.2	0.16428	0.434754	0.859233	0.851042	0.859233	1
FOSL1::JUN(var.2)	MA1129.1	0.163836	0.434929	0.804202	0.79571	0.804202	1
FOXF2	MA0030.1	0.158676	0.436961	0.824203	0.816062	0.824203	1
SMAD3	MA0795.1	0.152391	0.439438	0.78991	0.782912	0.78991	1
Six3	MA0631.1	0.143991	0.442753	0.772535	0.766128	0.772535	1
OLIG2	MA0678.1	0.140939	0.443958	0.834503	0.827787	0.834503	1
mix-a	MA0621.1	0.140504	0.44413	0.834821	0.823904	0.834821	1
E2F7	MA0758.1	0.138862	0.444779	0.725041	0.718737	0.725041	1
RELB	MA1117.1	0.136931	0.445542	0.857876	0.851826	0.857876	1
NR2F2	MA1111.1	0.134401	0.446542	0.868306	0.861438	0.868306	1
STAT3	MA0144.2	0.127215	0.449385	0.891002	0.885637	0.891002	1
FOXH1	MA0479.1	0.126252	0.449765	0.862964	0.85673	0.862964	1
FOSL2::JUN(var.2)	MA1131.1	0.124103	0.450616	0.813383	0.80705	0.813383	1
FOS::JUNB	MA1134.1	0.123393	0.450897	0.831119	0.824949	0.831119	1
HSF4	MA0771.1	0.123228	0.450962	0.815377	0.809821	0.815377	1
ZIC1	MA0696.1	0.113927	0.454647	0.794142	0.78905	0.794142	1
POU3F2	MA0787.1	0.109926	0.456234	0.820912	0.81426	0.820912	1
FOS::JUND	MA1141.1	0.107695	0.457118	0.829901	0.824652	0.829901	1
NR4A2	MA0160.1	0.101871	0.459429	0.92594	0.922262	0.92594	1
BARHL2	MA0635.1	0.0980392	0.46095	0.901643	0.897496	0.901643	1
CEBPE	MA0837.1	0.0758444	0.469771	0.854889	0.851675	0.854889	1
Ar	MA0007.3	0.0749886	0.470111	0.752983	0.749953	0.752983	1
NR2C2	MA0504.1	0.0732607	0.470799	0.842988	0.840424	0.842988	1
Creb5	MA0840.1	0.0712611	0.471595	0.791565	0.787689	0.791565	1
JUN(var.2)	MA0489.1	0.0670321	0.473278	0.837321	0.834215	0.837321	1
BATF3	MA0835.1	0.066389	0.473534	0.693776	0.690572	0.693776	1
FOXK1	MA0852.2	0.0646132	0.474241	0.83214	0.829011	0.83214	1
JUN::JUNB(var.2)	MA1133.1	0.0604587	0.475895	0.800993	0.798026	0.800993	1
POU3F1	MA0786.1	0.0591234	0.476427	0.828822	0.825215	0.828822	1
JUNB(var.2)	MA1140.1	0.0588201	0.476547	0.802195	0.799083	0.802195	1
FOXL1	MA0033.2	0.0547752	0.478158	0.929091	0.92605	0.929091	1
FOXO4	MA0848.1	0.0539524	0.478486	0.913637	0.910767	0.913637	1
FOXI1	MA0042.2	0.051265	0.479557	0.895569	0.892596	0.895569	1
Zfx	MA0146.2	0.048202	0.480777	0.882211	0.879367	0.882211	1
MLXIPL	MA0664.1	0.0411826	0.483575	0.827744	0.825749	0.827744	1
Id2	MA0617.1	0.0376152	0.484997	0.855517	0.853273	0.855517	1
FOSL1::JUNB	MA1137.1	0.0328511	0.486896	0.831356	0.829816	0.831356	1
FOSL1::JUN	MA1128.1	0.0312251	0.487545	0.83381	0.832296	0.83381	1
DMRT3	MA0610.1	0.0250388	0.490012	0.830011	0.828599	0.830011	1
ELK4	MA0076.2	0.0246695	0.490159	0.870047	0.868852	0.870047	1
FOXP2	MA0593.1	0.0193221	0.492292	0.869754	0.868705	0.869754	1
PAX4	MA0068.2	0.0161423	0.49356	0.861899	0.860999	0.861899	1
JUNB	MA0490.1	0.0155504	0.493796	0.854109	0.853326	0.854109	1
FOXO6	MA0849.1	0.012549	0.494994	0.896675	0.895955	0.896675	1
Creb3l2	MA0608.1	0.0117356	0.495318	0.855952	0.855388	0.855952	1
PAX7	MA0680.1	0.00900354	0.496408	0.771251	0.77065	0.771251	1
HLTF	MA0109.1	0.0083271	0.496678	0.960613	0.960475	0.960613	1
VENTX	MA0724.1	0.00707645	0.497177	0.863929	0.863552	0.863929	1
NFIC	MA0161.2	0.00129566	0.499483	0.866149	0.866086	0.866149	1
CDX2	MA0465.1	-0.000608499	0.500243	0.865401	0.865434	0.865401	1
SIX1	MA1118.1	-0.00182045	0.500726	0.820381	0.820464	0.820381	1
Hoxc9	MA0485.1	-0.0074741	0.502982	0.815752	0.816095	0.815752	1
ESRRB	MA0141.3	-0.00886915	0.503538	0.8074	0.807865	0.8074	1
FOSL2::JUNB(var.2)	MA1139.1	-0.0111013	0.504429	0.779087	0.779687	0.779087	1
FOXD2	MA0847.1	-0.0121593	0.504851	0.935247	0.935761	0.935247	1
Esrrg	MA0643.1	-0.0130167	0.505193	0.850021	0.850639	0.850021	1
Foxo1	MA0480.1	-0.014945	0.505962	0.866199	0.866891	0.866199	1
HIC2	MA0738.1	-0.0162328	0.506476	0.927002	0.927584	0.927002	1
KLF14	MA0740.1	-0.0200592	0.508002	0.831417	0.832469	0.831417	1
TFDP1	MA1122.1	-0.0230347	0.509189	0.864055	0.865421	0.864055	1
POU3F4	MA0789.1	-0.024306	0.509696	0.835421	0.836991	0.835421	1
Mlxip	MA0622.1	-0.0245005	0.509773	0.853747	0.855234	0.853747	1
NR1H4	MA1110.1	-0.0248496	0.509913	0.827172	0.828381	0.827172	1
CUX1	MA0754.1	-0.0277567	0.511072	0.817941	0.819599	0.817941	1
IRF8	MA0652.1	-0.0290303	0.51158	0.742426	0.743701	0.742426	1
Nr1h3::Rxra	MA0494.1	-0.0313903	0.512521	0.817127	0.81817	0.817127	1
CREB3L1	MA0839.1	-0.0347243	0.51385	0.756122	0.757521	0.756122	1
FOS	MA0476.1	-0.0357684	0.514267	0.854524	0.856382	0.854524	1
TP63	MA0525.2	-0.0381901	0.515232	0.721371	0.722819	0.721371	1
HNF4G	MA0484.1	-0.0394967	0.515753	0.844904	0.846372	0.844904	1
RUNX2	MA0511.2	-0.0403332	0.516087	0.855424	0.857211	0.855424	1
PPARG	MA0066.1	-0.0431442	0.517207	0.760374	0.761729	0.760374	1
Pax6	MA0069.1	-0.0447966	0.517866	0.791182	0.792785	0.791182	1
FOXG1	MA0613.1	-0.0470062	0.518746	0.870578	0.873661	0.870578	1
NEUROD1	MA1109.1	-0.0474011	0.518904	0.849668	0.851774	0.849668	1
FOSB::JUNB	MA1135.1	-0.0519509	0.520716	0.838196	0.840843	0.838196	1
TFAP2A(var.3)	MA0872.1	-0.052931	0.521107	0.81986	0.822845	0.81986	1
MSC	MA0665.1	-0.0585262	0.523336	0.832846	0.835372	0.832846	1
RUNX1	MA0002.2	-0.0606015	0.524162	0.875049	0.877412	0.875049	1
IRF2	MA0051.1	-0.0641154	0.525561	0.779451	0.782123	0.779451	1
HOXD13	MA0909.1	-0.0684032	0.527268	0.872139	0.875855	0.872139	1
CEBPB	MA0466.2	-0.0705367	0.528117	0.840797	0.843887	0.840797	1
FOSL2::JUND	MA1144.1	-0.0735905	0.529332	0.833136	0.83687	0.833136	1
CUX2	MA0755.1	-0.0815646	0.532504	0.798532	0.803299	0.798532	1
Rarb	MA0857.1	-0.0833263	0.533204	0.715808	0.719725	0.715808	1
ZIC4	MA0751.1	-0.0888323	0.535393	0.816747	0.820361	0.816747	1
Gfi1b	MA0483.1	-0.0911828	0.536327	0.865985	0.869976	0.865985	1
MYBL2	MA0777.1	-0.0972121	0.538722	0.731999	0.735854	0.731999	1
FOSL2::JUNB	MA1138.1	-0.0973643	0.538782	0.83214	0.837277	0.83214	1
Npas2	MA0626.1	-0.0987689	0.53934	0.866083	0.871003	0.866083	1
HOXA5	MA0158.1	-0.101169	0.540292	0.94429	0.947713	0.94429	1
HOXC13	MA0907.1	-0.105334	0.541945	0.811524	0.816701	0.811524	1
Foxa2	MA0047.2	-0.105716	0.542097	0.850678	0.85579	0.850678	1
TP73	MA0861.1	-0.111061	0.544217	0.762881	0.76715	0.762881	1
PAX3	MA0780.1	-0.113237	0.54508	0.773452	0.781063	0.773452	1
ERG	MA0474.2	-0.114535	0.545594	0.861711	0.866745	0.861711	1
JUND	MA0491.1	-0.11858	0.547197	0.839875	0.845761	0.839875	1
GCM1	MA0646.1	-0.121144	0.548212	0.819866	0.824472	0.819866	1
ZSCAN4	MA1155.1	-0.121308	0.548277	0.752945	0.758085	0.752945	1
VDR	MA0693.2	-0.122668	0.548816	0.908942	0.914729	0.908942	1
BHLHE23	MA0817.1	-0.122716	0.548835	0.791689	0.797986	0.791689	1
MAFG	MA0659.1	-0.122983	0.548941	0.735058	0.739398	0.735058	1
FOSL2::JUND(var.2)	MA1145.1	-0.123249	0.549046	0.777946	0.784091	0.777946	1
ETS1	MA0098.3	-0.127131	0.550582	0.858678	0.864365	0.858678	1
Rarb(var.2)	MA0858.1	-0.129108	0.551365	0.722066	0.727266	0.722066	1
OLIG1	MA0826.1	-0.129561	0.551544	0.803814	0.810393	0.803814	1
TCF7L1	MA1421.1	-0.129885	0.551672	0.794238	0.800135	0.794238	1
FOXP1	MA0481.2	-0.130369	0.551864	0.840182	0.847106	0.840182	1
Myod1	MA0499.1	-0.134807	0.553618	0.880461	0.886961	0.880461	1
TFAP2C(var.3)	MA0815.1	-0.135057	0.553717	0.820386	0.827827	0.820386	1
HOXB13	MA0901.1	-0.14227	0.556567	0.85372	0.861258	0.85372	1
FOSL2::JUN	MA1130.1	-0.146316	0.558165	0.832358	0.839469	0.832358	1
JUND(var.2)	MA0492.1	-0.146951	0.558416	0.819127	0.826002	0.819127	1
SREBF2	MA0596.1	-0.14776	0.558735	0.858632	0.865335	0.858632	1
MNX1	MA0707.1	-0.149446	0.5594	0.890943	0.898661	0.890943	1
Hes2	MA0616.1	-0.150935	0.559987	0.831053	0.836545	0.831053	1
POU5F1B	MA0792.1	-0.159395	0.563322	0.84871	0.858161	0.84871	1
Rfx1	MA0509.1	-0.160794	0.563873	0.796154	0.803157	0.796154	1
TFE3	MA0831.2	-0.164884	0.565483	0.872466	0.880644	0.872466	1
TFEC	MA0871.1	-0.16668	0.56619	0.877928	0.884209	0.877928	1
RARA::RXRA	MA0159.1	-0.170783	0.567804	0.810115	0.815585	0.810115	1
HOXA13	MA0650.1	-0.171959	0.568266	0.860646	0.869817	0.860646	1
CTCFL	MA1102.1	-0.182241	0.572304	0.805052	0.815701	0.805052	1
GLIS2	MA0736.1	-0.182576	0.572436	0.79517	0.802793	0.79517	1
IRF4	MA1419.1	-0.187045	0.574189	0.719703	0.727626	0.719703	1
Atoh1	MA0461.2	-0.194534	0.577122	0.846377	0.855069	0.846377	1
Tcf7	MA0769.1	-0.19816	0.578541	0.783692	0.793094	0.783692	1
TBX20	MA0689.1	-0.199762	0.579168	0.823427	0.831802	0.823427	1
E2F4	MA0470.1	-0.200134	0.579313	0.871624	0.883313	0.871624	1
Dmbx1	MA0883.1	-0.203359	0.580574	0.808972	0.817712	0.808972	1
Sox5	MA0087.1	-0.206536	0.581815	0.898098	0.911351	0.898098	1
Sox11	MA0869.1	-0.208994	0.582775	0.685354	0.696593	0.685354	1
Atf1	MA0604.1	-0.226139	0.589455	0.849532	0.861303	0.849532	1
POU2F2	MA0507.1	-0.233243	0.592215	0.812402	0.826126	0.812402	1
ZBTB7A	MA0750.2	-0.235801	0.593208	0.832902	0.845136	0.832902	1
E2F8	MA0865.1	-0.237902	0.594023	0.746557	0.757213	0.746557	1
SOX9	MA0077.1	-0.240438	0.595006	0.86585	0.876787	0.86585	1
SPIB	MA0081.1	-0.24623	0.597249	0.956504	0.96503	0.956504	1
MXI1	MA1108.1	-0.24985	0.59865	0.819002	0.832236	0.819002	1
FOSL1::JUND	MA1142.1	-0.251362	0.599234	0.85453	0.865777	0.85453	1
Klf12	MA0742.1	-0.25838	0.601945	0.814956	0.826876	0.814956	1
ZIC3	MA0697.1	-0.260679	0.602832	0.789245	0.800417	0.789245	1
TFEB	MA0692.1	-0.262175	0.603408	0.835918	0.848228	0.835918	1
Pou2f3	MA0627.1	-0.263383	0.603874	0.774632	0.789356	0.774632	1
FOS::JUN	MA0099.3	-0.271744	0.607092	0.83168	0.844868	0.83168	1
Sox2	MA0143.3	-0.286101	0.612601	0.870619	0.885915	0.870619	1
CEBPD	MA0836.1	-0.296068	0.616413	0.823784	0.836955	0.823784	1
RXRA::VDR	MA0074.1	-0.298437	0.617317	0.768508	0.779408	0.768508	1
CEBPA	MA0102.3	-0.301008	0.618297	0.850849	0.864596	0.850849	1
TFAP2B(var.3)	MA0813.1	-0.306496	0.620388	0.818556	0.834683	0.818556	1
Crx	MA0467.1	-0.307509	0.620774	0.835062	0.847864	0.835062	1
FOXP3	MA0850.1	-0.313599	0.623089	0.927242	0.939312	0.927242	1
JDP2	MA0655.1	-0.3136	0.623089	0.791931	0.809326	0.791931	1
RREB1	MA0073.1	-0.317773	0.624673	0.804447	0.818434	0.804447	1
ETV5	MA0765.1	-0.318277	0.624864	0.86309	0.877579	0.86309	1
NFKB2	MA0778.1	-0.32125	0.625991	0.768056	0.784916	0.768056	1
FLI1	MA0475.2	-0.330133	0.629352	0.832115	0.847667	0.832115	1
FOXK2	MA1103.1	-0.338426	0.632481	0.837458	0.857492	0.837458	1
SIX2	MA1119.1	-0.340988	0.633445	0.753558	0.768043	0.753558	1
NR3C1	MA0113.3	-0.343846	0.634521	0.738239	0.752987	0.738239	1
KLF9	MA1107.1	-0.344412	0.634734	0.824688	0.842275	0.824688	1
SOX10	MA0442.2	-0.351248	0.637301	0.868154	0.887592	0.868154	1
Znf423	MA0116.1	-0.353909	0.638298	0.833111	0.847088	0.833111	1
ELF4	MA0641.1	-0.355477	0.638886	0.782346	0.798956	0.782346	1
RUNX3	MA0684.1	-0.359689	0.640462	0.834589	0.850032	0.834589	1
ERF	MA0760.1	-0.36052	0.640773	0.83268	0.848754	0.83268	1
JUN::JUNB	MA1132.1	-0.379252	0.647752	0.83114	0.848035	0.83114	1
ESR2	MA0258.2	-0.398189	0.654757	0.806639	0.821593	0.806639	1
KLF4	MA0039.3	-0.40788	0.658321	0.849809	0.870213	0.849809	1
Pax2	MA0067.1	-0.408444	0.658528	0.934124	0.947034	0.934124	1
XBP1	MA0844.1	-0.410392	0.659243	0.759171	0.775563	0.759171	1
TFAP2C	MA0524.2	-0.411822	0.659767	0.85171	0.869615	0.85171	1
NFATC2	MA0152.1	-0.424957	0.664568	0.917605	0.936661	0.917605	1
MYCN	MA0104.4	-0.42562	0.66481	0.788702	0.81122	0.788702	1
ZNF410	MA0752.1	-0.433809	0.667789	0.691676	0.710379	0.691676	1
SOX4	MA0867.1	-0.442927	0.671093	0.66045	0.683133	0.66045	1
NR3C2	MA0727.1	-0.444555	0.671682	0.729965	0.749144	0.729965	1
SP4	MA0685.1	-0.452059	0.674389	0.78026	0.805541	0.78026	1
E2F6	MA0471.1	-0.467531	0.679943	0.886723	0.909597	0.886723	1
KLF5	MA0599.1	-0.470117	0.680867	0.917766	0.941922	0.917766	1
ETV1	MA0761.1	-0.472665	0.681776	0.836044	0.857621	0.836044	1
Sox17	MA0078.1	-0.47983	0.684328	0.886128	0.909446	0.886128	1
FEV	MA0156.2	-0.481772	0.685018	0.836467	0.858473	0.836467	1
MYC	MA0147.3	-0.484823	0.686102	0.805717	0.831813	0.805717	1
TFAP2B	MA0811.1	-0.488142	0.687278	0.852126	0.873404	0.852126	1
TEAD4	MA0809.1	-0.488287	0.687329	0.885683	0.906816	0.885683	1
Spz1	MA0111.1	-0.4895	0.687759	0.872135	0.886225	0.872135	1
NFIX	MA0671.1	-0.49649	0.690228	0.935926	0.950047	0.935926	1
REST	MA0138.2	-0.497973	0.690751	0.689696	0.708879	0.689696	1
SOX8	MA0868.1	-0.500883	0.691776	0.653483	0.678635	0.653483	1
Tcf21	MA0832.1	-0.507235	0.694008	0.742294	0.76578	0.742294	1
JUN	MA0488.1	-0.507341	0.694045	0.802296	0.826326	0.802296	1
CEBPG	MA0838.1	-0.510267	0.69507	0.78365	0.807158	0.78365	1
Bcl6	MA0463.1	-0.511578	0.695529	0.80088	0.822224	0.80088	1
ETV4	MA0764.1	-0.518007	0.697776	0.841214	0.863612	0.841214	1
MAX::MYC	MA0059.1	-0.524905	0.700178	0.799503	0.823262	0.799503	1
ZNF740	MA0753.1	-0.541915	0.706064	0.828755	0.858084	0.828755	1
NFYA	MA0060.3	-0.542581	0.706294	0.814096	0.8443	0.814096	1
PBX3	MA1114.1	-0.544536	0.706966	0.758907	0.783991	0.758907	1
ELK3	MA0759.1	-0.54603	0.70748	0.817839	0.844602	0.817839	1
TFAP2A(var.2)	MA0810.1	-0.559006	0.711924	0.863116	0.888034	0.863116	1
RARA(var.2)	MA0730.1	-0.562757	0.713203	0.712344	0.734131	0.712344	1
ETV3	MA0763.1	-0.575197	0.717424	0.828719	0.853083	0.828719	1
RFX5	MA0510.2	-0.604721	0.727321	0.705297	0.733618	0.705297	1
PAX5	MA0014.3	-0.610553	0.729255	0.807195	0.83489	0.807195	1
RFX4	MA0799.1	-0.610687	0.729299	0.764866	0.790326	0.764866	1
KLF16	MA0741.1	-0.612916	0.730037	0.850217	0.885928	0.850217	1
NFIA	MA0670.1	-0.615649	0.73094	0.835944	0.876642	0.835944	1
MNT	MA0825.1	-0.623721	0.733598	0.830854	0.86276	0.830854	1
GCM2	MA0767.1	-0.631705	0.736213	0.831103	0.855305	0.831103	1
ELK1	MA0028.2	-0.634057	0.736981	0.788718	0.823048	0.788718	1
BCL6B	MA0731.1	-0.6433	0.739988	0.669428	0.695965	0.669428	1
NEUROD2	MA0668.1	-0.646586	0.741053	0.851023	0.87403	0.851023	1
SREBF1	MA0595.1	-0.655855	0.744044	0.852063	0.880349	0.852063	1
NRF1	MA0506.1	-0.659811	0.745315	0.815233	0.857175	0.815233	1
NFYB	MA0502.1	-0.662866	0.746295	0.785	0.818864	0.785	1
Ascl2	MA0816.1	-0.677056	0.750818	0.829318	0.861785	0.829318	1
Rhox11	MA0629.1	-0.693092	0.755877	0.79485	0.820899	0.79485	1
ASCL1	MA1100.1	-0.699464	0.757872	0.817247	0.853709	0.817247	1
CTCF	MA0139.1	-0.714536	0.762555	0.764738	0.793984	0.764738	1
E2F1	MA0024.3	-0.725327	0.765878	0.757223	0.78829	0.757223	1
POU5F1	MA1115.1	-0.725477	0.765923	0.814292	0.858339	0.814292	1
MYB	MA0100.3	-0.726437	0.766218	0.849643	0.891633	0.849643	1
MAX	MA0058.3	-0.726572	0.766259	0.813382	0.851837	0.813382	1
LIN54	MA0619.1	-0.730849	0.767568	0.854121	0.903375	0.854121	1
HEY1	MA0823.1	-0.737059	0.76946	0.787778	0.829471	0.787778	1
GLIS3	MA0737.1	-0.74103	0.770666	0.732903	0.761352	0.732903	1
HEY2	MA0649.1	-0.743496	0.771413	0.799792	0.837979	0.799792	1
T	MA0009.2	-0.759785	0.776312	0.698519	0.728696	0.698519	1
CREB3	MA0638.1	-0.770958	0.779637	0.749076	0.78083	0.749076	1
RFX3	MA0798.1	-0.780792	0.782541	0.737231	0.770608	0.737231	1
Gabpa	MA0062.2	-0.802064	0.788746	0.815527	0.856425	0.815527	1
Klf1	MA0493.1	-0.80425	0.789377	0.847441	0.883906	0.847441	1
SOX13	MA1120.1	-0.80448	0.789443	0.823465	0.86741	0.823465	1
RFX2	MA0600.2	-0.805658	0.789783	0.703479	0.740727	0.703479	1
Arnt	MA0004.1	-0.808883	0.790712	0.833535	0.887595	0.833535	1
NEUROG2	MA0669.1	-0.81428	0.792261	0.787128	0.824601	0.787128	1
Sox1	MA0870.1	-0.81533	0.792562	0.687925	0.729639	0.687925	1
Crem	MA0609.1	-0.833185	0.797633	0.762805	0.808427	0.762805	1
MYF6	MA0667.1	-0.875308	0.8093	0.780028	0.821937	0.780028	1
IRF5	MA1420.1	-0.881341	0.810937	0.736866	0.77007	0.736866	1
YY1	MA0095.2	-0.885393	0.812031	0.781773	0.827146	0.781773	1
ZNF143	MA0088.2	-0.89765	0.815318	0.734816	0.770055	0.734816	1
Rarg(var.2)	MA0860.1	-0.908522	0.818202	0.684801	0.725012	0.684801	1
NFAT5	MA0606.1	-0.913745	0.819578	0.865941	0.903642	0.865941	1
EGR4	MA0733.1	-0.926111	0.822809	0.753207	0.794674	0.753207	1
EGR2	MA0472.2	-0.936951	0.825612	0.77676	0.822415	0.77676	1
BHLHE22	MA0818.1	-0.945642	0.827838	0.780871	0.826834	0.780871	1
Hic1	MA0739.1	-0.950644	0.829111	0.852889	0.88943	0.852889	1
SOX21	MA0866.1	-0.959967	0.831468	0.680619	0.729573	0.680619	1
Tcfl5	MA0632.1	-0.991758	0.839346	0.854987	0.909982	0.854987	1
MEIS3	MA0775.1	-1.01891	0.84588	0.872896	0.91735	0.872896	1
HIF1A	MA1106.1	-1.02056	0.846273	0.800075	0.856929	0.800075	1
MEIS2	MA0774.1	-1.02536	0.847407	0.841789	0.892716	0.841789	1
ETV6	MA0645.1	-1.03084	0.848695	0.821513	0.869437	0.821513	1
REL	MA0101.1	-1.03995	0.850821	0.853683	0.893731	0.853683	1
ELF1	MA0473.2	-1.04557	0.852125	0.750227	0.799534	0.750227	1
ATF4	MA0833.1	-1.05094	0.85336	0.757455	0.801645	0.757455	1
Bhlha15	MA0607.1	-1.05172	0.85354	0.837094	0.889661	0.837094	1
NR4A2::RXRA	MA1147.1	-1.0528	0.853788	0.757153	0.793645	0.757153	1
HINFP	MA0131.2	-1.06455	0.856463	0.778099	0.833703	0.778099	1
NFE2	MA0841.1	-1.06903	0.857476	0.73685	0.791955	0.73685	1
PBX2	MA1113.1	-1.07727	0.859324	0.765988	0.817737	0.765988	1
NR1A4::RXRA	MA1146.1	-1.09131	0.862435	0.742081	0.779564	0.742081	1
SP3	MA0746.1	-1.09827	0.86396	0.842479	0.900242	0.842479	1
Hes1	MA1099.1	-1.11463	0.867499	0.829011	0.882978	0.829011	1
RELA	MA0107.1	-1.11691	0.867988	0.800681	0.853475	0.800681	1
TEAD2	MA1121.1	-1.12061	0.868778	0.783222	0.835124	0.783222	1
TEAD3	MA0808.1	-1.12463	0.869631	0.849729	0.904781	0.849729	1
SP8	MA0747.1	-1.12917	0.87059	0.833866	0.885494	0.833866	1
CENPB	MA0637.1	-1.13145	0.871071	0.760843	0.799152	0.760843	1
RBPJ	MA1116.1	-1.13282	0.871359	0.855031	0.921821	0.855031	1
GMEB2	MA0862.1	-1.13495	0.871806	0.785334	0.838761	0.785334	1
Gmeb1	MA0615.1	-1.14675	0.874262	0.787636	0.832942	0.787636	1
ESR1	MA0112.3	-1.15748	0.876465	0.692612	0.740716	0.692612	1
TEAD1	MA0090.2	-1.20479	0.885861	0.855472	0.902242	0.855472	1
YY2	MA0748.1	-1.21704	0.888209	0.774658	0.826637	0.774658	1
TBX19	MA0804.1	-1.2429	0.89305	0.663435	0.711436	0.663435	1
MEIS1	MA0498.2	-1.25032	0.894412	0.905903	0.957114	0.905903	1
EGR3	MA0732.1	-1.2686	0.897712	0.723557	0.79503	0.723557	1
Hnf4a	MA0114.3	-1.27672	0.899153	0.692592	0.744142	0.692592	1
SP2	MA0516.1	-1.33346	0.908812	0.812396	0.886827	0.812396	1
SPDEF	MA0686.1	-1.39129	0.917934	0.761085	0.820302	0.761085	1
MTF1	MA0863.1	-1.41556	0.921551	0.694791	0.748248	0.694791	1
Gfi1	MA0038.1	-1.41912	0.922071	0.839318	0.900098	0.839318	1
SP1	MA0079.3	-1.43463	0.924306	0.848405	0.924259	0.848405	1
EGR1	MA0162.3	-1.50656	0.934042	0.694799	0.774292	0.694799	1
HES5	MA0821.1	-1.94537	0.974136	0.672778	0.773233	0.672778	1
ARNT::HIF1A	MA0259.1	-1.97195	0.975694	0.812151	0.914722	0.812151	1
HES7	MA0822.1	-2.03585	0.979119	0.645966	0.755756	0.645966	1
Ahr::Arnt	MA0006.1	-2.30446	0.989403	0.81501	0.938736	0.81501	1