    k   xmin   xmax MuInfo%
 Rotate : 6.25 6.25 6.25 6.25 -> .25 2.5 4.75 6.25
    0   6.25   6.25  0.000 :: 0.0000
    1   5.50   7.00  0.006 :: 0.0058
    2   4.75   7.75  0.023 :: 0.0115
    3   4.00   8.50  0.053 :: 0.0173
    4   3.25   9.25  0.096 :: 0.0231
    5   2.50  10.00  0.154 :: 0.0289
    6   1.75  10.75  0.229 :: 0.0346
    7   1.00  11.50  0.328 :: 0.0404
    8   0.25  12.25  0.467 :: 0.0462
 pijmin 0.0025 pijmax 0.1225

 Rotate : 5 95/3 95/3 95/3 -> 95 5/3 5/3 5/3
    1  0.010  0.080  0.236   :: 0.0078
    2  0.020  0.077  0.140   :: 0.0063
    3  0.030  0.073  0.076   :: 0.0048
    4  0.040  0.070  0.034   :: 0.0034
    5  0.050  0.067  0.010   :: 0.0019
    6  0.060  0.063  0.000   :: 0.0004
    7  0.070  0.060  0.003   :: 0.0011
    8  0.080  0.057  0.018   :: 0.0026
    9  0.090  0.053  0.043   :: 0.0041
   10  0.100  0.050  0.078   :: 0.0056
   11  0.110  0.047  0.123   :: 0.0071
   12  0.120  0.043  0.177   :: 0.0086
   13  0.130  0.040  0.240   :: 0.0101
   14  0.140  0.037  0.313   :: 0.0116
   15  0.150  0.033  0.395   :: 0.0130
   16  0.160  0.030  0.487   :: 0.0145
   17  0.170  0.027  0.588   :: 0.0160
   18  0.180  0.023  0.701   :: 0.0175
   19  0.190  0.020  0.825   :: 0.0190
   20  0.200  0.017  0.961   :: 0.0205
   21  0.210  0.013  1.112   :: 0.0220
   22  0.220  0.010  1.280   :: 0.0235
   23  0.230  0.007  1.471   :: 0.0250
   24  0.240  0.003  1.694   :: 0.0265
